{
 "cells": [
  {
   "cell_type": "markdown",
   "id": "b6056408-11bb-421d-a75e-a85e8e87ae93",
   "metadata": {},
   "source": [
    "Que.5 - \n",
    "\n",
    "Implement a Decision Tree, Random Forest model to classify the animals in the zoo in to different categories.\n",
    "Calculate Accuracy by confusion matrix, Calculate accuracy score, precision score, recall score, f1 score.\n",
    "\n",
    "Dataset : Zoo.csv\n",
    "\n",
    "NOTES : \n",
    "\n",
    "1. Import the dataset.\n",
    "2. Find out the shape of data.\n",
    "3. Find out null values in all columns.\n",
    "4. Drop all the null values."
   ]
  },
  {
   "cell_type": "markdown",
   "id": "b46c1baf-6798-4a05-b495-dcfd8e5204d2",
   "metadata": {},
   "source": [
    "### pre-requisites"
   ]
  },
  {
   "cell_type": "code",
   "execution_count": 1,
   "id": "95a6267a-d0da-4eb3-99b0-6d80fc3f24b7",
   "metadata": {},
   "outputs": [],
   "source": [
    "import warnings\n",
    "warnings.filterwarnings(action=\"ignore\")"
   ]
  },
  {
   "cell_type": "markdown",
   "id": "e189ff9a-50e5-4ff0-99b2-5f43b361733a",
   "metadata": {},
   "source": [
    "### import required packages"
   ]
  },
  {
   "cell_type": "code",
   "execution_count": 2,
   "id": "3de45dc7-b79a-4577-8083-9c9358e6eafc",
   "metadata": {},
   "outputs": [],
   "source": [
    "import numpy as np\n",
    "import pandas as pd\n",
    "import matplotlib.pyplot as plt\n",
    "import seaborn as sns"
   ]
  },
  {
   "cell_type": "markdown",
   "id": "0d30f82b-245d-492a-a616-a8c84b142429",
   "metadata": {},
   "source": [
    "### load the data"
   ]
  },
  {
   "cell_type": "code",
   "execution_count": 3,
   "id": "fb9a8f5e-a929-4c15-8283-4bd9f18ffcb8",
   "metadata": {},
   "outputs": [
    {
     "data": {
      "text/html": [
       "<div>\n",
       "<style scoped>\n",
       "    .dataframe tbody tr th:only-of-type {\n",
       "        vertical-align: middle;\n",
       "    }\n",
       "\n",
       "    .dataframe tbody tr th {\n",
       "        vertical-align: top;\n",
       "    }\n",
       "\n",
       "    .dataframe thead th {\n",
       "        text-align: right;\n",
       "    }\n",
       "</style>\n",
       "<table border=\"1\" class=\"dataframe\">\n",
       "  <thead>\n",
       "    <tr style=\"text-align: right;\">\n",
       "      <th></th>\n",
       "      <th>hair</th>\n",
       "      <th>feathers</th>\n",
       "      <th>eggs</th>\n",
       "      <th>milk</th>\n",
       "      <th>airborne</th>\n",
       "      <th>aquatic</th>\n",
       "      <th>predator</th>\n",
       "      <th>toothed</th>\n",
       "      <th>backbone</th>\n",
       "      <th>breathes</th>\n",
       "      <th>venomous</th>\n",
       "      <th>fins</th>\n",
       "      <th>legs</th>\n",
       "      <th>tail</th>\n",
       "      <th>domestic</th>\n",
       "      <th>catsize</th>\n",
       "      <th>type</th>\n",
       "    </tr>\n",
       "  </thead>\n",
       "  <tbody>\n",
       "    <tr>\n",
       "      <th>0</th>\n",
       "      <td>1</td>\n",
       "      <td>0</td>\n",
       "      <td>0</td>\n",
       "      <td>1</td>\n",
       "      <td>0</td>\n",
       "      <td>0</td>\n",
       "      <td>1</td>\n",
       "      <td>1</td>\n",
       "      <td>1</td>\n",
       "      <td>1</td>\n",
       "      <td>0</td>\n",
       "      <td>0</td>\n",
       "      <td>4</td>\n",
       "      <td>0</td>\n",
       "      <td>0</td>\n",
       "      <td>1</td>\n",
       "      <td>1</td>\n",
       "    </tr>\n",
       "    <tr>\n",
       "      <th>1</th>\n",
       "      <td>1</td>\n",
       "      <td>0</td>\n",
       "      <td>0</td>\n",
       "      <td>1</td>\n",
       "      <td>0</td>\n",
       "      <td>0</td>\n",
       "      <td>0</td>\n",
       "      <td>1</td>\n",
       "      <td>1</td>\n",
       "      <td>1</td>\n",
       "      <td>0</td>\n",
       "      <td>0</td>\n",
       "      <td>4</td>\n",
       "      <td>1</td>\n",
       "      <td>0</td>\n",
       "      <td>1</td>\n",
       "      <td>1</td>\n",
       "    </tr>\n",
       "    <tr>\n",
       "      <th>2</th>\n",
       "      <td>0</td>\n",
       "      <td>0</td>\n",
       "      <td>1</td>\n",
       "      <td>0</td>\n",
       "      <td>0</td>\n",
       "      <td>1</td>\n",
       "      <td>1</td>\n",
       "      <td>1</td>\n",
       "      <td>1</td>\n",
       "      <td>0</td>\n",
       "      <td>0</td>\n",
       "      <td>1</td>\n",
       "      <td>0</td>\n",
       "      <td>1</td>\n",
       "      <td>0</td>\n",
       "      <td>0</td>\n",
       "      <td>4</td>\n",
       "    </tr>\n",
       "    <tr>\n",
       "      <th>3</th>\n",
       "      <td>1</td>\n",
       "      <td>0</td>\n",
       "      <td>0</td>\n",
       "      <td>1</td>\n",
       "      <td>0</td>\n",
       "      <td>0</td>\n",
       "      <td>1</td>\n",
       "      <td>1</td>\n",
       "      <td>1</td>\n",
       "      <td>1</td>\n",
       "      <td>0</td>\n",
       "      <td>0</td>\n",
       "      <td>4</td>\n",
       "      <td>0</td>\n",
       "      <td>0</td>\n",
       "      <td>1</td>\n",
       "      <td>1</td>\n",
       "    </tr>\n",
       "    <tr>\n",
       "      <th>4</th>\n",
       "      <td>1</td>\n",
       "      <td>0</td>\n",
       "      <td>0</td>\n",
       "      <td>1</td>\n",
       "      <td>0</td>\n",
       "      <td>0</td>\n",
       "      <td>1</td>\n",
       "      <td>1</td>\n",
       "      <td>1</td>\n",
       "      <td>1</td>\n",
       "      <td>0</td>\n",
       "      <td>0</td>\n",
       "      <td>4</td>\n",
       "      <td>1</td>\n",
       "      <td>0</td>\n",
       "      <td>1</td>\n",
       "      <td>1</td>\n",
       "    </tr>\n",
       "  </tbody>\n",
       "</table>\n",
       "</div>"
      ],
      "text/plain": [
       "   hair  feathers  eggs  milk  airborne  aquatic  predator  toothed  backbone  \\\n",
       "0     1         0     0     1         0        0         1        1         1   \n",
       "1     1         0     0     1         0        0         0        1         1   \n",
       "2     0         0     1     0         0        1         1        1         1   \n",
       "3     1         0     0     1         0        0         1        1         1   \n",
       "4     1         0     0     1         0        0         1        1         1   \n",
       "\n",
       "   breathes  venomous  fins  legs  tail  domestic  catsize  type  \n",
       "0         1         0     0     4     0         0        1     1  \n",
       "1         1         0     0     4     1         0        1     1  \n",
       "2         0         0     1     0     1         0        0     4  \n",
       "3         1         0     0     4     0         0        1     1  \n",
       "4         1         0     0     4     1         0        1     1  "
      ]
     },
     "execution_count": 3,
     "metadata": {},
     "output_type": "execute_result"
    }
   ],
   "source": [
    "df = pd.read_csv('Zoo.csv')\n",
    "df.head()"
   ]
  },
  {
   "cell_type": "markdown",
   "id": "d380cd0b-9285-4a9d-adca-e0c433144247",
   "metadata": {},
   "source": [
    "### EDA"
   ]
  },
  {
   "cell_type": "code",
   "execution_count": 4,
   "id": "f95df560-c8f1-4f4b-8272-a8fae78dd982",
   "metadata": {},
   "outputs": [
    {
     "name": "stdout",
     "output_type": "stream",
     "text": [
      "<class 'pandas.core.frame.DataFrame'>\n",
      "RangeIndex: 101 entries, 0 to 100\n",
      "Data columns (total 17 columns):\n",
      " #   Column    Non-Null Count  Dtype\n",
      "---  ------    --------------  -----\n",
      " 0   hair      101 non-null    int64\n",
      " 1   feathers  101 non-null    int64\n",
      " 2   eggs      101 non-null    int64\n",
      " 3   milk      101 non-null    int64\n",
      " 4   airborne  101 non-null    int64\n",
      " 5   aquatic   101 non-null    int64\n",
      " 6   predator  101 non-null    int64\n",
      " 7   toothed   101 non-null    int64\n",
      " 8   backbone  101 non-null    int64\n",
      " 9   breathes  101 non-null    int64\n",
      " 10  venomous  101 non-null    int64\n",
      " 11  fins      101 non-null    int64\n",
      " 12  legs      101 non-null    int64\n",
      " 13  tail      101 non-null    int64\n",
      " 14  domestic  101 non-null    int64\n",
      " 15  catsize   101 non-null    int64\n",
      " 16  type      101 non-null    int64\n",
      "dtypes: int64(17)\n",
      "memory usage: 13.5 KB\n"
     ]
    }
   ],
   "source": [
    "df.info()"
   ]
  },
  {
   "cell_type": "code",
   "execution_count": 5,
   "id": "2e7eb393-4b53-44a2-bec7-5ba1284c74b1",
   "metadata": {},
   "outputs": [
    {
     "data": {
      "text/plain": [
       "hair        0\n",
       "feathers    0\n",
       "eggs        0\n",
       "milk        0\n",
       "airborne    0\n",
       "aquatic     0\n",
       "predator    0\n",
       "toothed     0\n",
       "backbone    0\n",
       "breathes    0\n",
       "venomous    0\n",
       "fins        0\n",
       "legs        0\n",
       "tail        0\n",
       "domestic    0\n",
       "catsize     0\n",
       "type        0\n",
       "dtype: int64"
      ]
     },
     "execution_count": 5,
     "metadata": {},
     "output_type": "execute_result"
    }
   ],
   "source": [
    "df.isna().sum()"
   ]
  },
  {
   "cell_type": "code",
   "execution_count": 6,
   "id": "bbcba7c7-cac4-407c-bb99-fff75b6115ea",
   "metadata": {},
   "outputs": [
    {
     "data": {
      "text/plain": [
       "type\n",
       "1    41\n",
       "2    20\n",
       "4    13\n",
       "7    10\n",
       "6     8\n",
       "3     5\n",
       "5     4\n",
       "Name: count, dtype: int64"
      ]
     },
     "execution_count": 6,
     "metadata": {},
     "output_type": "execute_result"
    }
   ],
   "source": [
    "df['type'].value_counts()"
   ]
  },
  {
   "cell_type": "code",
   "execution_count": 7,
   "id": "54ce5401-d31f-41bf-981f-5a6c9381af2e",
   "metadata": {},
   "outputs": [],
   "source": [
    "from sklearn.preprocessing import LabelEncoder\n",
    "\n",
    "df['type'] = LabelEncoder().fit_transform(df['type'])"
   ]
  },
  {
   "cell_type": "code",
   "execution_count": 9,
   "id": "c32134aa-713f-4017-96a6-4b0323096c21",
   "metadata": {},
   "outputs": [
    {
     "data": {
      "text/plain": [
       "type\n",
       "0    41\n",
       "1    20\n",
       "3    13\n",
       "6    10\n",
       "5     8\n",
       "2     5\n",
       "4     4\n",
       "Name: count, dtype: int64"
      ]
     },
     "execution_count": 9,
     "metadata": {},
     "output_type": "execute_result"
    }
   ],
   "source": [
    "df['type'].value_counts()"
   ]
  },
  {
   "cell_type": "code",
   "execution_count": 10,
   "id": "241b0881-dbbf-4f09-9f48-bb52c368ff8e",
   "metadata": {},
   "outputs": [
    {
     "data": {
      "text/html": [
       "<div>\n",
       "<style scoped>\n",
       "    .dataframe tbody tr th:only-of-type {\n",
       "        vertical-align: middle;\n",
       "    }\n",
       "\n",
       "    .dataframe tbody tr th {\n",
       "        vertical-align: top;\n",
       "    }\n",
       "\n",
       "    .dataframe thead th {\n",
       "        text-align: right;\n",
       "    }\n",
       "</style>\n",
       "<table border=\"1\" class=\"dataframe\">\n",
       "  <thead>\n",
       "    <tr style=\"text-align: right;\">\n",
       "      <th></th>\n",
       "      <th>hair</th>\n",
       "      <th>feathers</th>\n",
       "      <th>eggs</th>\n",
       "      <th>milk</th>\n",
       "      <th>airborne</th>\n",
       "      <th>aquatic</th>\n",
       "      <th>predator</th>\n",
       "      <th>toothed</th>\n",
       "      <th>backbone</th>\n",
       "      <th>breathes</th>\n",
       "      <th>venomous</th>\n",
       "      <th>fins</th>\n",
       "      <th>legs</th>\n",
       "      <th>tail</th>\n",
       "      <th>domestic</th>\n",
       "      <th>catsize</th>\n",
       "      <th>type</th>\n",
       "    </tr>\n",
       "  </thead>\n",
       "  <tbody>\n",
       "    <tr>\n",
       "      <th>hair</th>\n",
       "      <td>1.000000</td>\n",
       "      <td>-0.427851</td>\n",
       "      <td>-0.817382</td>\n",
       "      <td>0.878503</td>\n",
       "      <td>-0.198431</td>\n",
       "      <td>-0.473554</td>\n",
       "      <td>-0.154769</td>\n",
       "      <td>0.492531</td>\n",
       "      <td>0.191681</td>\n",
       "      <td>0.441149</td>\n",
       "      <td>-0.104245</td>\n",
       "      <td>-0.280313</td>\n",
       "      <td>0.394009</td>\n",
       "      <td>0.048973</td>\n",
       "      <td>0.207208</td>\n",
       "      <td>0.455020</td>\n",
       "      <td>-0.562384</td>\n",
       "    </tr>\n",
       "    <tr>\n",
       "      <th>feathers</th>\n",
       "      <td>-0.427851</td>\n",
       "      <td>1.000000</td>\n",
       "      <td>0.419248</td>\n",
       "      <td>-0.410761</td>\n",
       "      <td>0.656553</td>\n",
       "      <td>-0.058552</td>\n",
       "      <td>-0.104430</td>\n",
       "      <td>-0.613631</td>\n",
       "      <td>0.231403</td>\n",
       "      <td>0.254588</td>\n",
       "      <td>-0.145739</td>\n",
       "      <td>-0.223541</td>\n",
       "      <td>-0.206686</td>\n",
       "      <td>0.292569</td>\n",
       "      <td>0.031586</td>\n",
       "      <td>-0.135934</td>\n",
       "      <td>-0.197520</td>\n",
       "    </tr>\n",
       "    <tr>\n",
       "      <th>eggs</th>\n",
       "      <td>-0.817382</td>\n",
       "      <td>0.419248</td>\n",
       "      <td>1.000000</td>\n",
       "      <td>-0.938848</td>\n",
       "      <td>0.376646</td>\n",
       "      <td>0.376244</td>\n",
       "      <td>0.011605</td>\n",
       "      <td>-0.642150</td>\n",
       "      <td>-0.340420</td>\n",
       "      <td>-0.382777</td>\n",
       "      <td>0.098689</td>\n",
       "      <td>0.164796</td>\n",
       "      <td>-0.224918</td>\n",
       "      <td>-0.221090</td>\n",
       "      <td>-0.155610</td>\n",
       "      <td>-0.514650</td>\n",
       "      <td>0.661825</td>\n",
       "    </tr>\n",
       "    <tr>\n",
       "      <th>milk</th>\n",
       "      <td>0.878503</td>\n",
       "      <td>-0.410761</td>\n",
       "      <td>-0.938848</td>\n",
       "      <td>1.000000</td>\n",
       "      <td>-0.366765</td>\n",
       "      <td>-0.362613</td>\n",
       "      <td>-0.029721</td>\n",
       "      <td>0.628168</td>\n",
       "      <td>0.384958</td>\n",
       "      <td>0.423527</td>\n",
       "      <td>-0.242449</td>\n",
       "      <td>-0.156328</td>\n",
       "      <td>0.214196</td>\n",
       "      <td>0.210026</td>\n",
       "      <td>0.163928</td>\n",
       "      <td>0.574906</td>\n",
       "      <td>-0.723683</td>\n",
       "    </tr>\n",
       "    <tr>\n",
       "      <th>airborne</th>\n",
       "      <td>-0.198431</td>\n",
       "      <td>0.656553</td>\n",
       "      <td>0.376646</td>\n",
       "      <td>-0.366765</td>\n",
       "      <td>1.000000</td>\n",
       "      <td>-0.172638</td>\n",
       "      <td>-0.295181</td>\n",
       "      <td>-0.594311</td>\n",
       "      <td>-0.104718</td>\n",
       "      <td>0.286039</td>\n",
       "      <td>0.008528</td>\n",
       "      <td>-0.251157</td>\n",
       "      <td>0.043712</td>\n",
       "      <td>0.009482</td>\n",
       "      <td>0.063274</td>\n",
       "      <td>-0.349768</td>\n",
       "      <td>0.022677</td>\n",
       "    </tr>\n",
       "    <tr>\n",
       "      <th>aquatic</th>\n",
       "      <td>-0.473554</td>\n",
       "      <td>-0.058552</td>\n",
       "      <td>0.376244</td>\n",
       "      <td>-0.362613</td>\n",
       "      <td>-0.172638</td>\n",
       "      <td>1.000000</td>\n",
       "      <td>0.375978</td>\n",
       "      <td>0.053150</td>\n",
       "      <td>0.022463</td>\n",
       "      <td>-0.637506</td>\n",
       "      <td>0.087915</td>\n",
       "      <td>0.604492</td>\n",
       "      <td>-0.360638</td>\n",
       "      <td>-0.034642</td>\n",
       "      <td>-0.224308</td>\n",
       "      <td>-0.111866</td>\n",
       "      <td>0.326639</td>\n",
       "    </tr>\n",
       "    <tr>\n",
       "      <th>predator</th>\n",
       "      <td>-0.154769</td>\n",
       "      <td>-0.104430</td>\n",
       "      <td>0.011605</td>\n",
       "      <td>-0.029721</td>\n",
       "      <td>-0.295181</td>\n",
       "      <td>0.375978</td>\n",
       "      <td>1.000000</td>\n",
       "      <td>0.129452</td>\n",
       "      <td>0.051022</td>\n",
       "      <td>-0.262931</td>\n",
       "      <td>0.115391</td>\n",
       "      <td>0.190302</td>\n",
       "      <td>-0.099723</td>\n",
       "      <td>0.018947</td>\n",
       "      <td>-0.309794</td>\n",
       "      <td>0.144790</td>\n",
       "      <td>0.061179</td>\n",
       "    </tr>\n",
       "    <tr>\n",
       "      <th>toothed</th>\n",
       "      <td>0.492531</td>\n",
       "      <td>-0.613631</td>\n",
       "      <td>-0.642150</td>\n",
       "      <td>0.628168</td>\n",
       "      <td>-0.594311</td>\n",
       "      <td>0.053150</td>\n",
       "      <td>0.129452</td>\n",
       "      <td>1.000000</td>\n",
       "      <td>0.575085</td>\n",
       "      <td>-0.065690</td>\n",
       "      <td>-0.062344</td>\n",
       "      <td>0.364292</td>\n",
       "      <td>-0.193476</td>\n",
       "      <td>0.310368</td>\n",
       "      <td>0.069430</td>\n",
       "      <td>0.344010</td>\n",
       "      <td>-0.471527</td>\n",
       "    </tr>\n",
       "    <tr>\n",
       "      <th>backbone</th>\n",
       "      <td>0.191681</td>\n",
       "      <td>0.231403</td>\n",
       "      <td>-0.340420</td>\n",
       "      <td>0.384958</td>\n",
       "      <td>-0.104718</td>\n",
       "      <td>0.022463</td>\n",
       "      <td>0.051022</td>\n",
       "      <td>0.575085</td>\n",
       "      <td>1.000000</td>\n",
       "      <td>0.207666</td>\n",
       "      <td>-0.246611</td>\n",
       "      <td>0.209499</td>\n",
       "      <td>-0.432856</td>\n",
       "      <td>0.731762</td>\n",
       "      <td>0.101733</td>\n",
       "      <td>0.356976</td>\n",
       "      <td>-0.828845</td>\n",
       "    </tr>\n",
       "    <tr>\n",
       "      <th>breathes</th>\n",
       "      <td>0.441149</td>\n",
       "      <td>0.254588</td>\n",
       "      <td>-0.382777</td>\n",
       "      <td>0.423527</td>\n",
       "      <td>0.286039</td>\n",
       "      <td>-0.637506</td>\n",
       "      <td>-0.262931</td>\n",
       "      <td>-0.065690</td>\n",
       "      <td>0.207666</td>\n",
       "      <td>1.000000</td>\n",
       "      <td>-0.120752</td>\n",
       "      <td>-0.617219</td>\n",
       "      <td>0.369868</td>\n",
       "      <td>0.088952</td>\n",
       "      <td>0.124068</td>\n",
       "      <td>0.204125</td>\n",
       "      <td>-0.519308</td>\n",
       "    </tr>\n",
       "    <tr>\n",
       "      <th>venomous</th>\n",
       "      <td>-0.104245</td>\n",
       "      <td>-0.145739</td>\n",
       "      <td>0.098689</td>\n",
       "      <td>-0.242449</td>\n",
       "      <td>0.008528</td>\n",
       "      <td>0.087915</td>\n",
       "      <td>0.115391</td>\n",
       "      <td>-0.062344</td>\n",
       "      <td>-0.246611</td>\n",
       "      <td>-0.120752</td>\n",
       "      <td>1.000000</td>\n",
       "      <td>-0.033956</td>\n",
       "      <td>0.022964</td>\n",
       "      <td>-0.162724</td>\n",
       "      <td>-0.003252</td>\n",
       "      <td>-0.183748</td>\n",
       "      <td>0.321476</td>\n",
       "    </tr>\n",
       "    <tr>\n",
       "      <th>fins</th>\n",
       "      <td>-0.280313</td>\n",
       "      <td>-0.223541</td>\n",
       "      <td>0.164796</td>\n",
       "      <td>-0.156328</td>\n",
       "      <td>-0.251157</td>\n",
       "      <td>0.604492</td>\n",
       "      <td>0.190302</td>\n",
       "      <td>0.364292</td>\n",
       "      <td>0.209499</td>\n",
       "      <td>-0.617219</td>\n",
       "      <td>-0.033956</td>\n",
       "      <td>1.000000</td>\n",
       "      <td>-0.605652</td>\n",
       "      <td>0.204349</td>\n",
       "      <td>-0.093887</td>\n",
       "      <td>0.031705</td>\n",
       "      <td>0.099430</td>\n",
       "    </tr>\n",
       "    <tr>\n",
       "      <th>legs</th>\n",
       "      <td>0.394009</td>\n",
       "      <td>-0.206686</td>\n",
       "      <td>-0.224918</td>\n",
       "      <td>0.214196</td>\n",
       "      <td>0.043712</td>\n",
       "      <td>-0.360638</td>\n",
       "      <td>-0.099723</td>\n",
       "      <td>-0.193476</td>\n",
       "      <td>-0.432856</td>\n",
       "      <td>0.369868</td>\n",
       "      <td>0.022964</td>\n",
       "      <td>-0.605652</td>\n",
       "      <td>1.000000</td>\n",
       "      <td>-0.348295</td>\n",
       "      <td>0.073931</td>\n",
       "      <td>0.068791</td>\n",
       "      <td>0.131693</td>\n",
       "    </tr>\n",
       "    <tr>\n",
       "      <th>tail</th>\n",
       "      <td>0.048973</td>\n",
       "      <td>0.292569</td>\n",
       "      <td>-0.221090</td>\n",
       "      <td>0.210026</td>\n",
       "      <td>0.009482</td>\n",
       "      <td>-0.034642</td>\n",
       "      <td>0.018947</td>\n",
       "      <td>0.310368</td>\n",
       "      <td>0.731762</td>\n",
       "      <td>0.088952</td>\n",
       "      <td>-0.162724</td>\n",
       "      <td>0.204349</td>\n",
       "      <td>-0.348295</td>\n",
       "      <td>1.000000</td>\n",
       "      <td>0.023434</td>\n",
       "      <td>0.243277</td>\n",
       "      <td>-0.631830</td>\n",
       "    </tr>\n",
       "    <tr>\n",
       "      <th>domestic</th>\n",
       "      <td>0.207208</td>\n",
       "      <td>0.031586</td>\n",
       "      <td>-0.155610</td>\n",
       "      <td>0.163928</td>\n",
       "      <td>0.063274</td>\n",
       "      <td>-0.224308</td>\n",
       "      <td>-0.309794</td>\n",
       "      <td>0.069430</td>\n",
       "      <td>0.101733</td>\n",
       "      <td>0.124068</td>\n",
       "      <td>-0.003252</td>\n",
       "      <td>-0.093887</td>\n",
       "      <td>0.073931</td>\n",
       "      <td>0.023434</td>\n",
       "      <td>1.000000</td>\n",
       "      <td>0.020073</td>\n",
       "      <td>-0.181043</td>\n",
       "    </tr>\n",
       "    <tr>\n",
       "      <th>catsize</th>\n",
       "      <td>0.455020</td>\n",
       "      <td>-0.135934</td>\n",
       "      <td>-0.514650</td>\n",
       "      <td>0.574906</td>\n",
       "      <td>-0.349768</td>\n",
       "      <td>-0.111866</td>\n",
       "      <td>0.144790</td>\n",
       "      <td>0.344010</td>\n",
       "      <td>0.356976</td>\n",
       "      <td>0.204125</td>\n",
       "      <td>-0.183748</td>\n",
       "      <td>0.031705</td>\n",
       "      <td>0.068791</td>\n",
       "      <td>0.243277</td>\n",
       "      <td>0.020073</td>\n",
       "      <td>1.000000</td>\n",
       "      <td>-0.521030</td>\n",
       "    </tr>\n",
       "    <tr>\n",
       "      <th>type</th>\n",
       "      <td>-0.562384</td>\n",
       "      <td>-0.197520</td>\n",
       "      <td>0.661825</td>\n",
       "      <td>-0.723683</td>\n",
       "      <td>0.022677</td>\n",
       "      <td>0.326639</td>\n",
       "      <td>0.061179</td>\n",
       "      <td>-0.471527</td>\n",
       "      <td>-0.828845</td>\n",
       "      <td>-0.519308</td>\n",
       "      <td>0.321476</td>\n",
       "      <td>0.099430</td>\n",
       "      <td>0.131693</td>\n",
       "      <td>-0.631830</td>\n",
       "      <td>-0.181043</td>\n",
       "      <td>-0.521030</td>\n",
       "      <td>1.000000</td>\n",
       "    </tr>\n",
       "  </tbody>\n",
       "</table>\n",
       "</div>"
      ],
      "text/plain": [
       "              hair  feathers      eggs      milk  airborne   aquatic  \\\n",
       "hair      1.000000 -0.427851 -0.817382  0.878503 -0.198431 -0.473554   \n",
       "feathers -0.427851  1.000000  0.419248 -0.410761  0.656553 -0.058552   \n",
       "eggs     -0.817382  0.419248  1.000000 -0.938848  0.376646  0.376244   \n",
       "milk      0.878503 -0.410761 -0.938848  1.000000 -0.366765 -0.362613   \n",
       "airborne -0.198431  0.656553  0.376646 -0.366765  1.000000 -0.172638   \n",
       "aquatic  -0.473554 -0.058552  0.376244 -0.362613 -0.172638  1.000000   \n",
       "predator -0.154769 -0.104430  0.011605 -0.029721 -0.295181  0.375978   \n",
       "toothed   0.492531 -0.613631 -0.642150  0.628168 -0.594311  0.053150   \n",
       "backbone  0.191681  0.231403 -0.340420  0.384958 -0.104718  0.022463   \n",
       "breathes  0.441149  0.254588 -0.382777  0.423527  0.286039 -0.637506   \n",
       "venomous -0.104245 -0.145739  0.098689 -0.242449  0.008528  0.087915   \n",
       "fins     -0.280313 -0.223541  0.164796 -0.156328 -0.251157  0.604492   \n",
       "legs      0.394009 -0.206686 -0.224918  0.214196  0.043712 -0.360638   \n",
       "tail      0.048973  0.292569 -0.221090  0.210026  0.009482 -0.034642   \n",
       "domestic  0.207208  0.031586 -0.155610  0.163928  0.063274 -0.224308   \n",
       "catsize   0.455020 -0.135934 -0.514650  0.574906 -0.349768 -0.111866   \n",
       "type     -0.562384 -0.197520  0.661825 -0.723683  0.022677  0.326639   \n",
       "\n",
       "          predator   toothed  backbone  breathes  venomous      fins  \\\n",
       "hair     -0.154769  0.492531  0.191681  0.441149 -0.104245 -0.280313   \n",
       "feathers -0.104430 -0.613631  0.231403  0.254588 -0.145739 -0.223541   \n",
       "eggs      0.011605 -0.642150 -0.340420 -0.382777  0.098689  0.164796   \n",
       "milk     -0.029721  0.628168  0.384958  0.423527 -0.242449 -0.156328   \n",
       "airborne -0.295181 -0.594311 -0.104718  0.286039  0.008528 -0.251157   \n",
       "aquatic   0.375978  0.053150  0.022463 -0.637506  0.087915  0.604492   \n",
       "predator  1.000000  0.129452  0.051022 -0.262931  0.115391  0.190302   \n",
       "toothed   0.129452  1.000000  0.575085 -0.065690 -0.062344  0.364292   \n",
       "backbone  0.051022  0.575085  1.000000  0.207666 -0.246611  0.209499   \n",
       "breathes -0.262931 -0.065690  0.207666  1.000000 -0.120752 -0.617219   \n",
       "venomous  0.115391 -0.062344 -0.246611 -0.120752  1.000000 -0.033956   \n",
       "fins      0.190302  0.364292  0.209499 -0.617219 -0.033956  1.000000   \n",
       "legs     -0.099723 -0.193476 -0.432856  0.369868  0.022964 -0.605652   \n",
       "tail      0.018947  0.310368  0.731762  0.088952 -0.162724  0.204349   \n",
       "domestic -0.309794  0.069430  0.101733  0.124068 -0.003252 -0.093887   \n",
       "catsize   0.144790  0.344010  0.356976  0.204125 -0.183748  0.031705   \n",
       "type      0.061179 -0.471527 -0.828845 -0.519308  0.321476  0.099430   \n",
       "\n",
       "              legs      tail  domestic   catsize      type  \n",
       "hair      0.394009  0.048973  0.207208  0.455020 -0.562384  \n",
       "feathers -0.206686  0.292569  0.031586 -0.135934 -0.197520  \n",
       "eggs     -0.224918 -0.221090 -0.155610 -0.514650  0.661825  \n",
       "milk      0.214196  0.210026  0.163928  0.574906 -0.723683  \n",
       "airborne  0.043712  0.009482  0.063274 -0.349768  0.022677  \n",
       "aquatic  -0.360638 -0.034642 -0.224308 -0.111866  0.326639  \n",
       "predator -0.099723  0.018947 -0.309794  0.144790  0.061179  \n",
       "toothed  -0.193476  0.310368  0.069430  0.344010 -0.471527  \n",
       "backbone -0.432856  0.731762  0.101733  0.356976 -0.828845  \n",
       "breathes  0.369868  0.088952  0.124068  0.204125 -0.519308  \n",
       "venomous  0.022964 -0.162724 -0.003252 -0.183748  0.321476  \n",
       "fins     -0.605652  0.204349 -0.093887  0.031705  0.099430  \n",
       "legs      1.000000 -0.348295  0.073931  0.068791  0.131693  \n",
       "tail     -0.348295  1.000000  0.023434  0.243277 -0.631830  \n",
       "domestic  0.073931  0.023434  1.000000  0.020073 -0.181043  \n",
       "catsize   0.068791  0.243277  0.020073  1.000000 -0.521030  \n",
       "type      0.131693 -0.631830 -0.181043 -0.521030  1.000000  "
      ]
     },
     "execution_count": 10,
     "metadata": {},
     "output_type": "execute_result"
    }
   ],
   "source": [
    "df.corr()"
   ]
  },
  {
   "cell_type": "code",
   "execution_count": 14,
   "id": "c2889092-ea23-457c-a922-90ffe043d2e2",
   "metadata": {},
   "outputs": [],
   "source": [
    "correlation = df.corr()['type']\n",
    "del correlation['type']"
   ]
  },
  {
   "cell_type": "code",
   "execution_count": 15,
   "id": "000b47b7-41ba-4542-976c-6c5a75c4f4a3",
   "metadata": {},
   "outputs": [],
   "source": [
    "values = []\n",
    "for value in correlation.values: \n",
    "    values.append(abs(value))"
   ]
  },
  {
   "cell_type": "code",
   "execution_count": 17,
   "id": "eea84810-ab1d-4466-a31b-41c4c8ed0390",
   "metadata": {},
   "outputs": [],
   "source": [
    "min = np.min(values) \n",
    "max = np.max(values) \n",
    "average_correlation = np.mean([min,max])"
   ]
  },
  {
   "cell_type": "code",
   "execution_count": 18,
   "id": "085fda62-0241-4404-a1f7-c168875b9952",
   "metadata": {},
   "outputs": [
    {
     "data": {
      "text/plain": [
       "['hair', 'eggs', 'milk', 'toothed', 'backbone', 'breathes', 'tail', 'catsize']"
      ]
     },
     "execution_count": 18,
     "metadata": {},
     "output_type": "execute_result"
    }
   ],
   "source": [
    "columns = []\n",
    "for index in range(len(correlation.values)): \n",
    "    if abs(correlation.values[index]) > average_correlation: \n",
    "        columns.append(correlation.index[index])\n",
    "columns"
   ]
  },
  {
   "cell_type": "markdown",
   "id": "48bf58c6-6c8b-43d1-913c-c4cd7be71b8c",
   "metadata": {},
   "source": [
    "### pre-processing"
   ]
  },
  {
   "cell_type": "code",
   "execution_count": 19,
   "id": "483af4ce-5dee-479f-bc95-737f31ac9cd1",
   "metadata": {},
   "outputs": [],
   "source": [
    "# split data into x and y\n",
    "x = df[columns]\n",
    "y = df['type']"
   ]
  },
  {
   "cell_type": "code",
   "execution_count": 20,
   "id": "658798e1-b3a8-44b8-bd19-6752de63538a",
   "metadata": {},
   "outputs": [],
   "source": [
    "# split the data into train and test\n",
    "from sklearn.model_selection import train_test_split\n",
    "\n",
    "x_train, x_test, y_train, y_test = train_test_split(x, y, train_size=0.7, random_state=123456)"
   ]
  },
  {
   "cell_type": "markdown",
   "id": "88a4966c-2530-4ba8-b19f-789c5b664237",
   "metadata": {},
   "source": [
    "### train the models"
   ]
  },
  {
   "cell_type": "markdown",
   "id": "38d3df32-938e-4de9-a671-9fe8d8b73527",
   "metadata": {},
   "source": [
    "#### Decision Tree"
   ]
  },
  {
   "cell_type": "code",
   "execution_count": 21,
   "id": "e0f342b7-974a-4407-8a62-bce4390b1463",
   "metadata": {},
   "outputs": [],
   "source": [
    "from sklearn.tree import DecisionTreeClassifier\n",
    "\n",
    "def create_model_decision_tree():\n",
    "    model = DecisionTreeClassifier(max_depth=50)\n",
    "    model.fit(x_train, y_train)\n",
    "    return model    "
   ]
  },
  {
   "cell_type": "markdown",
   "id": "34583bc9-0c06-470c-bff7-5020f2f1cfc3",
   "metadata": {},
   "source": [
    "#### Random Forest"
   ]
  },
  {
   "cell_type": "code",
   "execution_count": 22,
   "id": "1904f37e-ad36-4013-85a3-cfbeb97b3229",
   "metadata": {},
   "outputs": [],
   "source": [
    "from sklearn.ensemble import RandomForestClassifier\n",
    "\n",
    "def create_model_random_forest():\n",
    "    model = RandomForestClassifier(n_estimators=100)\n",
    "    model.fit(x_train, y_train)\n",
    "    return model"
   ]
  },
  {
   "cell_type": "markdown",
   "id": "1cc54552-9f33-413b-b33b-d43c886b1148",
   "metadata": {},
   "source": [
    "#### CAT Boost"
   ]
  },
  {
   "cell_type": "code",
   "execution_count": 23,
   "id": "13ed3b20-6a01-41a0-b645-6f24aab8a320",
   "metadata": {},
   "outputs": [],
   "source": [
    "from catboost import CatBoostClassifier\n",
    "\n",
    "def create_model_catboost():\n",
    "    model = CatBoostClassifier(logging_level='Silent')\n",
    "    model.fit(x_train, y_train)\n",
    "    return model"
   ]
  },
  {
   "cell_type": "markdown",
   "id": "e5c7d98a-7d4b-4035-a332-08d1a96bfd99",
   "metadata": {},
   "source": [
    "#### AdaBoost"
   ]
  },
  {
   "cell_type": "code",
   "execution_count": 24,
   "id": "0afbcbeb-7f78-4cac-8f27-4e2d2faffcf2",
   "metadata": {},
   "outputs": [],
   "source": [
    "from sklearn.ensemble import AdaBoostClassifier\n",
    "\n",
    "def create_model_ada_boost():\n",
    "    model = AdaBoostClassifier()\n",
    "    model.fit(x_train, y_train)\n",
    "    return model"
   ]
  },
  {
   "cell_type": "markdown",
   "id": "14fc7494-a775-41cc-9211-fe5b85852296",
   "metadata": {},
   "source": [
    "#### XGBoost"
   ]
  },
  {
   "cell_type": "code",
   "execution_count": 25,
   "id": "6ab11c91-3896-4054-919a-5f19495e80b9",
   "metadata": {},
   "outputs": [],
   "source": [
    "from xgboost import XGBClassifier\n",
    "\n",
    "def create_model_xgboost():\n",
    "    model = XGBClassifier()\n",
    "    model.fit(x_train, y_train)\n",
    "    return model"
   ]
  },
  {
   "cell_type": "markdown",
   "id": "7d2fe70d-af30-42cd-a4b3-cf0288453276",
   "metadata": {},
   "source": [
    "### model evaluation"
   ]
  },
  {
   "cell_type": "code",
   "execution_count": 26,
   "id": "3cd6944b-49f5-4c51-ad72-8a01629b6165",
   "metadata": {},
   "outputs": [],
   "source": [
    "from sklearn.metrics import confusion_matrix,accuracy_score, precision_score, recall_score, f1_score\n",
    "\n",
    "def evaluate_model(model):\n",
    "    # training accuracry\n",
    "    y_pred = model.predict(x_train)\n",
    "    y_true = y_train\n",
    "\n",
    "    # calculate training accuracy\n",
    "    training_accuracy = accuracy_score(y_true, y_pred)\n",
    "\n",
    "    # testing accuracy\n",
    "    y_pred = model.predict(x_test)\n",
    "    y_true = y_test\n",
    "\n",
    "    print(confusion_matrix(y_true, y_pred))\n",
    "\n",
    "    # get the performance metrics for testing\n",
    "    testing_accuracy = accuracy_score(y_true, y_pred)\n",
    "    testing_precision = precision_score(y_true, y_pred,average='micro')\n",
    "    testing_recall = recall_score(y_true, y_pred,average='micro')\n",
    "    testing_f1 = f1_score(y_true, y_pred,average='micro')\n",
    "\n",
    "    return training_accuracy, testing_accuracy, testing_precision, testing_recall, testing_f1"
   ]
  },
  {
   "cell_type": "markdown",
   "id": "82318e6d-f1c9-496f-ae83-fe823f09fc3f",
   "metadata": {},
   "source": [
    "### generate performance chart"
   ]
  },
  {
   "cell_type": "code",
   "execution_count": 27,
   "id": "433bbf50-5599-4390-a46d-8a3cea776493",
   "metadata": {},
   "outputs": [],
   "source": [
    "models = [\n",
    "    (\"Decision Tree\", create_model_decision_tree(), (0, 0)),\n",
    "    (\"Random Forest\", create_model_random_forest(), (0, 1)),\n",
    "    (\"CAT Boost\", create_model_catboost(), (1, 0)),\n",
    "    (\"Ada Boost\", create_model_ada_boost(), (1, 1)),\n",
    "    (\"XGBoost\", create_model_xgboost(), (2, 0))\n",
    "]"
   ]
  },
  {
   "cell_type": "code",
   "execution_count": 28,
   "id": "3321bf25-2779-4ac5-a95e-e9a4a43d50bf",
   "metadata": {},
   "outputs": [
    {
     "name": "stdout",
     "output_type": "stream",
     "text": [
      "[[11  0  0  0  0  0  0]\n",
      " [ 0 10  0  0  0  0  0]\n",
      " [ 0  0  1  0  0  0  0]\n",
      " [ 0  0  0  4  0  0  0]\n",
      " [ 0  0  0  0  1  0  0]\n",
      " [ 0  0  0  0  0  1  0]\n",
      " [ 0  0  0  0  0  2  1]]\n",
      "[[11  0  0  0  0  0  0]\n",
      " [ 0 10  0  0  0  0  0]\n",
      " [ 0  0  1  0  0  0  0]\n",
      " [ 0  0  0  4  0  0  0]\n",
      " [ 0  0  0  0  1  0  0]\n",
      " [ 0  0  0  0  0  1  0]\n",
      " [ 0  0  0  0  0  2  1]]\n",
      "[[11  0  0  0  0  0  0]\n",
      " [ 0 10  0  0  0  0  0]\n",
      " [ 0  0  1  0  0  0  0]\n",
      " [ 0  0  0  4  0  0  0]\n",
      " [ 0  0  0  0  1  0  0]\n",
      " [ 0  0  0  0  0  1  0]\n",
      " [ 0  0  0  0  0  2  1]]\n",
      "[[11  0  0  0  0  0  0]\n",
      " [ 0 10  0  0  0  0  0]\n",
      " [ 0  1  0  0  0  0  0]\n",
      " [ 0  4  0  0  0  0  0]\n",
      " [ 0  1  0  0  0  0  0]\n",
      " [ 0  0  0  0  0  1  0]\n",
      " [ 0  0  0  0  0  3  0]]\n",
      "[[11  0  0  0  0  0  0]\n",
      " [ 0 10  0  0  0  0  0]\n",
      " [ 0  0  1  0  0  0  0]\n",
      " [ 0  0  0  4  0  0  0]\n",
      " [ 0  0  0  0  1  0  0]\n",
      " [ 0  0  0  0  0  1  0]\n",
      " [ 0  0  0  0  0  2  1]]\n"
     ]
    },
    {
     "data": {
      "text/html": [
       "<div>\n",
       "<style scoped>\n",
       "    .dataframe tbody tr th:only-of-type {\n",
       "        vertical-align: middle;\n",
       "    }\n",
       "\n",
       "    .dataframe tbody tr th {\n",
       "        vertical-align: top;\n",
       "    }\n",
       "\n",
       "    .dataframe thead th {\n",
       "        text-align: right;\n",
       "    }\n",
       "</style>\n",
       "<table border=\"1\" class=\"dataframe\">\n",
       "  <thead>\n",
       "    <tr style=\"text-align: right;\">\n",
       "      <th></th>\n",
       "      <th>Model</th>\n",
       "      <th>Train Accuracy</th>\n",
       "      <th>Test Accuracy</th>\n",
       "      <th>Precision</th>\n",
       "      <th>Recall</th>\n",
       "      <th>F1</th>\n",
       "    </tr>\n",
       "  </thead>\n",
       "  <tbody>\n",
       "    <tr>\n",
       "      <th>0</th>\n",
       "      <td>Decision Tree</td>\n",
       "      <td>97.14%</td>\n",
       "      <td>93.55%</td>\n",
       "      <td>0.935484</td>\n",
       "      <td>0.935484</td>\n",
       "      <td>0.935484</td>\n",
       "    </tr>\n",
       "    <tr>\n",
       "      <th>1</th>\n",
       "      <td>Random Forest</td>\n",
       "      <td>97.14%</td>\n",
       "      <td>93.55%</td>\n",
       "      <td>0.935484</td>\n",
       "      <td>0.935484</td>\n",
       "      <td>0.935484</td>\n",
       "    </tr>\n",
       "    <tr>\n",
       "      <th>2</th>\n",
       "      <td>CAT Boost</td>\n",
       "      <td>97.14%</td>\n",
       "      <td>93.55%</td>\n",
       "      <td>0.935484</td>\n",
       "      <td>0.935484</td>\n",
       "      <td>0.935484</td>\n",
       "    </tr>\n",
       "    <tr>\n",
       "      <th>3</th>\n",
       "      <td>Ada Boost</td>\n",
       "      <td>67.14%</td>\n",
       "      <td>70.97%</td>\n",
       "      <td>0.709677</td>\n",
       "      <td>0.709677</td>\n",
       "      <td>0.709677</td>\n",
       "    </tr>\n",
       "    <tr>\n",
       "      <th>4</th>\n",
       "      <td>XGBoost</td>\n",
       "      <td>97.14%</td>\n",
       "      <td>93.55%</td>\n",
       "      <td>0.935484</td>\n",
       "      <td>0.935484</td>\n",
       "      <td>0.935484</td>\n",
       "    </tr>\n",
       "  </tbody>\n",
       "</table>\n",
       "</div>"
      ],
      "text/plain": [
       "           Model Train Accuracy Test Accuracy  Precision    Recall        F1\n",
       "0  Decision Tree         97.14%        93.55%   0.935484  0.935484  0.935484\n",
       "1  Random Forest         97.14%        93.55%   0.935484  0.935484  0.935484\n",
       "2      CAT Boost         97.14%        93.55%   0.935484  0.935484  0.935484\n",
