{
 "cells": [
  {
   "cell_type": "markdown",
   "id": "60a8a746-91ba-45f3-bf70-20d642238d88",
   "metadata": {},
   "source": [
    "Que.4 \n",
    "\n",
    "Implement a KNN,SVM and Naive Bayes model to classify the type of animals in the zoo in to different categories.\n",
    "Also calculate Accuracy by confusion matrix, Calculate accuracy score, precision score, recall score, f1 score.\n",
    "\n",
    "Dataset : Zoo.csv"
   ]
  },
  {
   "cell_type": "markdown",
   "id": "59088e17-2f6c-4cfa-bfbb-2b8fc09926f1",
   "metadata": {},
   "source": [
    "### import required packages"
   ]
  },
  {
   "cell_type": "code",
   "execution_count": 1,
   "id": "8d582596-cc58-488e-a7ef-ca7c6fb400fe",
   "metadata": {},
   "outputs": [],
   "source": [
    "import numpy as np\n",
    "import pandas as pd\n",
    "import matplotlib.pyplot as plt\n",
    "import seaborn as sns"
   ]
  },
  {
   "cell_type": "markdown",
   "id": "f22c76ea-123e-4025-ace2-2ecb2e4a84f0",
   "metadata": {},
   "source": [
    "### load the data"
   ]
  },
  {
   "cell_type": "code",
   "execution_count": 2,
   "id": "6c22276f-35e0-4996-9596-bf5a986315f8",
   "metadata": {},
   "outputs": [
    {
     "data": {
      "text/html": [
       "<div>\n",
       "<style scoped>\n",
       "    .dataframe tbody tr th:only-of-type {\n",
       "        vertical-align: middle;\n",
       "    }\n",
       "\n",
       "    .dataframe tbody tr th {\n",
       "        vertical-align: top;\n",
       "    }\n",
       "\n",
       "    .dataframe thead th {\n",
       "        text-align: right;\n",
       "    }\n",
       "</style>\n",
       "<table border=\"1\" class=\"dataframe\">\n",
       "  <thead>\n",
       "    <tr style=\"text-align: right;\">\n",
       "      <th></th>\n",
       "      <th>hair</th>\n",
       "      <th>feathers</th>\n",
       "      <th>eggs</th>\n",
       "      <th>milk</th>\n",
       "      <th>airborne</th>\n",
       "      <th>aquatic</th>\n",
       "      <th>predator</th>\n",
       "      <th>toothed</th>\n",
       "      <th>backbone</th>\n",
       "      <th>breathes</th>\n",
       "      <th>venomous</th>\n",
       "      <th>fins</th>\n",
       "      <th>legs</th>\n",
       "      <th>tail</th>\n",
       "      <th>domestic</th>\n",
       "      <th>catsize</th>\n",
       "      <th>type</th>\n",
       "    </tr>\n",
       "  </thead>\n",
       "  <tbody>\n",
       "    <tr>\n",
       "      <th>0</th>\n",
       "      <td>1</td>\n",
       "      <td>0</td>\n",
       "      <td>0</td>\n",
       "      <td>1</td>\n",
       "      <td>0</td>\n",
       "      <td>0</td>\n",
       "      <td>1</td>\n",
       "      <td>1</td>\n",
       "      <td>1</td>\n",
       "      <td>1</td>\n",
       "      <td>0</td>\n",
       "      <td>0</td>\n",
       "      <td>4</td>\n",
       "      <td>0</td>\n",
       "      <td>0</td>\n",
       "      <td>1</td>\n",
       "      <td>1</td>\n",
       "    </tr>\n",
       "    <tr>\n",
       "      <th>1</th>\n",
       "      <td>1</td>\n",
       "      <td>0</td>\n",
       "      <td>0</td>\n",
       "      <td>1</td>\n",
       "      <td>0</td>\n",
       "      <td>0</td>\n",
       "      <td>0</td>\n",
       "      <td>1</td>\n",
       "      <td>1</td>\n",
       "      <td>1</td>\n",
       "      <td>0</td>\n",
       "      <td>0</td>\n",
       "      <td>4</td>\n",
       "      <td>1</td>\n",
       "      <td>0</td>\n",
       "      <td>1</td>\n",
       "      <td>1</td>\n",
       "    </tr>\n",
       "    <tr>\n",
       "      <th>2</th>\n",
       "      <td>0</td>\n",
       "      <td>0</td>\n",
       "      <td>1</td>\n",
       "      <td>0</td>\n",
       "      <td>0</td>\n",
       "      <td>1</td>\n",
       "      <td>1</td>\n",
       "      <td>1</td>\n",
       "      <td>1</td>\n",
       "      <td>0</td>\n",
       "      <td>0</td>\n",
       "      <td>1</td>\n",
       "      <td>0</td>\n",
       "      <td>1</td>\n",
       "      <td>0</td>\n",
       "      <td>0</td>\n",
       "      <td>4</td>\n",
       "    </tr>\n",
       "    <tr>\n",
       "      <th>3</th>\n",
       "      <td>1</td>\n",
       "      <td>0</td>\n",
       "      <td>0</td>\n",
       "      <td>1</td>\n",
       "      <td>0</td>\n",
       "      <td>0</td>\n",
       "      <td>1</td>\n",
       "      <td>1</td>\n",
       "      <td>1</td>\n",
       "      <td>1</td>\n",
       "      <td>0</td>\n",
       "      <td>0</td>\n",
       "      <td>4</td>\n",
       "      <td>0</td>\n",
       "      <td>0</td>\n",
       "      <td>1</td>\n",
       "      <td>1</td>\n",
       "    </tr>\n",
       "    <tr>\n",
       "      <th>4</th>\n",
       "      <td>1</td>\n",
       "      <td>0</td>\n",
       "      <td>0</td>\n",
       "      <td>1</td>\n",
       "      <td>0</td>\n",
       "      <td>0</td>\n",
       "      <td>1</td>\n",
       "      <td>1</td>\n",
       "      <td>1</td>\n",
       "      <td>1</td>\n",
       "      <td>0</td>\n",
       "      <td>0</td>\n",
       "      <td>4</td>\n",
       "      <td>1</td>\n",
       "      <td>0</td>\n",
       "      <td>1</td>\n",
       "      <td>1</td>\n",
       "    </tr>\n",
       "  </tbody>\n",
       "</table>\n",
       "</div>"
      ],
      "text/plain": [
       "   hair  feathers  eggs  milk  airborne  aquatic  predator  toothed  backbone  \\\n",
       "0     1         0     0     1         0        0         1        1         1   \n",
       "1     1         0     0     1         0        0         0        1         1   \n",
       "2     0         0     1     0         0        1         1        1         1   \n",
       "3     1         0     0     1         0        0         1        1         1   \n",
       "4     1         0     0     1         0        0         1        1         1   \n",
       "\n",
       "   breathes  venomous  fins  legs  tail  domestic  catsize  type  \n",
       "0         1         0     0     4     0         0        1     1  \n",
       "1         1         0     0     4     1         0        1     1  \n",
       "2         0         0     1     0     1         0        0     4  \n",
       "3         1         0     0     4     0         0        1     1  \n",
       "4         1         0     0     4     1         0        1     1  "
      ]
     },
     "execution_count": 2,
     "metadata": {},
     "output_type": "execute_result"
    }
   ],
   "source": [
    "df = pd.read_csv('Zoo.csv')\n",
    "df.head()"
   ]
  },
  {
   "cell_type": "markdown",
   "id": "2b7d7e52-2da0-4df4-b0dc-bc2d923c7c7b",
   "metadata": {},
   "source": [
    "### exploratory data analysis"
   ]
  },
  {
   "cell_type": "code",
   "execution_count": 3,
   "id": "66123f0d-d71e-4632-83f5-b1d03502aea8",
   "metadata": {},
   "outputs": [
    {
     "name": "stdout",
     "output_type": "stream",
     "text": [
      "<class 'pandas.core.frame.DataFrame'>\n",
      "RangeIndex: 101 entries, 0 to 100\n",
      "Data columns (total 17 columns):\n",
      " #   Column    Non-Null Count  Dtype\n",
      "---  ------    --------------  -----\n",
      " 0   hair      101 non-null    int64\n",
      " 1   feathers  101 non-null    int64\n",
      " 2   eggs      101 non-null    int64\n",
      " 3   milk      101 non-null    int64\n",
      " 4   airborne  101 non-null    int64\n",
      " 5   aquatic   101 non-null    int64\n",
      " 6   predator  101 non-null    int64\n",
      " 7   toothed   101 non-null    int64\n",
      " 8   backbone  101 non-null    int64\n",
      " 9   breathes  101 non-null    int64\n",
      " 10  venomous  101 non-null    int64\n",
      " 11  fins      101 non-null    int64\n",
      " 12  legs      101 non-null    int64\n",
      " 13  tail      101 non-null    int64\n",
      " 14  domestic  101 non-null    int64\n",
      " 15  catsize   101 non-null    int64\n",
      " 16  type      101 non-null    int64\n",
      "dtypes: int64(17)\n",
      "memory usage: 13.5 KB\n"
     ]
    }
   ],
   "source": [
    "df.info()"
   ]
  },
  {
   "cell_type": "code",
   "execution_count": 4,
   "id": "3bf3d835-648c-47db-9928-52d0b9c0ba14",
   "metadata": {},
   "outputs": [
    {
     "data": {
      "text/plain": [
       "hair        0\n",
       "feathers    0\n",
       "eggs        0\n",
       "milk        0\n",
       "airborne    0\n",
       "aquatic     0\n",
       "predator    0\n",
       "toothed     0\n",
       "backbone    0\n",
       "breathes    0\n",
       "venomous    0\n",
       "fins        0\n",
       "legs        0\n",
       "tail        0\n",
       "domestic    0\n",
       "catsize     0\n",
       "type        0\n",
       "dtype: int64"
      ]
     },
     "execution_count": 4,
     "metadata": {},
     "output_type": "execute_result"
    }
   ],
   "source": [
    "df.isna().sum()"
   ]
  },
  {
   "cell_type": "code",
   "execution_count": 5,
   "id": "2c588b72-c2ae-400e-b8e3-50ebd32ef2a3",
   "metadata": {},
   "outputs": [
    {
     "data": {
      "text/plain": [
       "type\n",
       "1    41\n",
       "2    20\n",
       "4    13\n",
       "7    10\n",
       "6     8\n",
       "3     5\n",
       "5     4\n",
       "Name: count, dtype: int64"
      ]
     },
     "execution_count": 5,
     "metadata": {},
     "output_type": "execute_result"
    }
   ],
   "source": [
    "# check if the data is imbalanced\n",
    "df['type'].value_counts()"
   ]
  },
  {
   "cell_type": "code",
   "execution_count": 6,
   "id": "330a1820-2ee7-4bf8-8319-cbab5861898f",
   "metadata": {},
   "outputs": [
    {
     "data": {
      "text/html": [
       "<div>\n",
       "<style scoped>\n",
       "    .dataframe tbody tr th:only-of-type {\n",
       "        vertical-align: middle;\n",
       "    }\n",
       "\n",
       "    .dataframe tbody tr th {\n",
       "        vertical-align: top;\n",
       "    }\n",
       "\n",
       "    .dataframe thead th {\n",
       "        text-align: right;\n",
       "    }\n",
       "</style>\n",
       "<table border=\"1\" class=\"dataframe\">\n",
       "  <thead>\n",
       "    <tr style=\"text-align: right;\">\n",
       "      <th></th>\n",
       "      <th>hair</th>\n",
       "      <th>feathers</th>\n",
       "      <th>eggs</th>\n",
       "      <th>milk</th>\n",
       "      <th>airborne</th>\n",
       "      <th>aquatic</th>\n",
       "      <th>predator</th>\n",
       "      <th>toothed</th>\n",
       "      <th>backbone</th>\n",
       "      <th>breathes</th>\n",
       "      <th>venomous</th>\n",
       "      <th>fins</th>\n",
       "      <th>legs</th>\n",
       "      <th>tail</th>\n",
       "      <th>domestic</th>\n",
       "      <th>catsize</th>\n",
       "      <th>type</th>\n",
       "    </tr>\n",
       "  </thead>\n",
       "  <tbody>\n",
       "    <tr>\n",
       "      <th>hair</th>\n",
       "      <td>0.246931</td>\n",
       "      <td>-0.085149</td>\n",
       "      <td>-0.201188</td>\n",
       "      <td>0.215446</td>\n",
       "      <td>-0.042178</td>\n",
       "      <td>-0.113267</td>\n",
       "      <td>-0.038416</td>\n",
       "      <td>0.120297</td>\n",
       "      <td>0.036634</td>\n",
       "      <td>0.089406</td>\n",
       "      <td>-0.014059</td>\n",
       "      <td>-0.052376</td>\n",
       "      <td>0.398119</td>\n",
       "      <td>0.010693</td>\n",
       "      <td>0.034653</td>\n",
       "      <td>0.112673</td>\n",
       "      <td>-0.587624</td>\n",
       "    </tr>\n",
       "    <tr>\n",
       "      <th>feathers</th>\n",
       "      <td>-0.085149</td>\n",
       "      <td>0.160396</td>\n",
       "      <td>0.083168</td>\n",
       "      <td>-0.081188</td>\n",
       "      <td>0.112475</td>\n",
       "      <td>-0.011287</td>\n",
       "      <td>-0.020891</td>\n",
       "      <td>-0.120792</td>\n",
       "      <td>0.035644</td>\n",
       "      <td>0.041584</td>\n",
       "      <td>-0.015842</td>\n",
       "      <td>-0.033663</td>\n",
       "      <td>-0.168317</td>\n",
       "      <td>0.051485</td>\n",
       "      <td>0.004257</td>\n",
       "      <td>-0.027129</td>\n",
       "      <td>-0.166337</td>\n",
       "    </tr>\n",
       "    <tr>\n",
       "      <th>eggs</th>\n",
       "      <td>-0.201188</td>\n",
       "      <td>0.083168</td>\n",
       "      <td>0.245347</td>\n",
       "      <td>-0.229505</td>\n",
       "      <td>0.079802</td>\n",
       "      <td>0.089703</td>\n",
       "      <td>0.002871</td>\n",
       "      <td>-0.156337</td>\n",
       "      <td>-0.064851</td>\n",
       "      <td>-0.077327</td>\n",
       "      <td>0.013267</td>\n",
       "      <td>0.030693</td>\n",
       "      <td>-0.226535</td>\n",
       "      <td>-0.048119</td>\n",
       "      <td>-0.025941</td>\n",
       "      <td>-0.127030</td>\n",
       "      <td>0.689307</td>\n",
       "    </tr>\n",
       "    <tr>\n",
       "      <th>milk</th>\n",
       "      <td>0.215446</td>\n",
       "      <td>-0.081188</td>\n",
       "      <td>-0.229505</td>\n",
       "      <td>0.243564</td>\n",
       "      <td>-0.077426</td>\n",
       "      <td>-0.086139</td>\n",
       "      <td>-0.007327</td>\n",
       "      <td>0.152376</td>\n",
       "      <td>0.073069</td>\n",
       "      <td>0.085248</td>\n",
       "      <td>-0.032475</td>\n",
       "      <td>-0.029010</td>\n",
       "      <td>0.214950</td>\n",
       "      <td>0.045545</td>\n",
       "      <td>0.027228</td>\n",
       "      <td>0.141386</td>\n",
       "      <td>-0.750990</td>\n",
       "    </tr>\n",
       "    <tr>\n",
       "      <th>airborne</th>\n",
       "      <td>-0.042178</td>\n",
       "      <td>0.112475</td>\n",
       "      <td>0.079802</td>\n",
       "      <td>-0.077426</td>\n",
       "      <td>0.182970</td>\n",
       "      <td>-0.035545</td>\n",
       "      <td>-0.063069</td>\n",
       "      <td>-0.124950</td>\n",
       "      <td>-0.017228</td>\n",
       "      <td>0.049901</td>\n",
       "      <td>0.000990</td>\n",
       "      <td>-0.040396</td>\n",
       "      <td>0.038020</td>\n",
       "      <td>0.001782</td>\n",
       "      <td>0.009109</td>\n",
       "      <td>-0.074554</td>\n",
       "      <td>0.020396</td>\n",
       "    </tr>\n",
       "    <tr>\n",
       "      <th>aquatic</th>\n",
       "      <td>-0.113267</td>\n",
       "      <td>-0.011287</td>\n",
       "      <td>0.089703</td>\n",
       "      <td>-0.086139</td>\n",
       "      <td>-0.035545</td>\n",
       "      <td>0.231683</td>\n",
       "      <td>0.090396</td>\n",
       "      <td>0.012574</td>\n",
       "      <td>0.004158</td>\n",
       "      <td>-0.125149</td>\n",
       "      <td>0.011485</td>\n",
       "      <td>0.109406</td>\n",
       "      <td>-0.352970</td>\n",
       "      <td>-0.007327</td>\n",
       "      <td>-0.036337</td>\n",
       "      <td>-0.026832</td>\n",
       "      <td>0.330594</td>\n",
       "    </tr>\n",
       "    <tr>\n",
       "      <th>predator</th>\n",
       "      <td>-0.038416</td>\n",
       "      <td>-0.020891</td>\n",
       "      <td>0.002871</td>\n",
       "      <td>-0.007327</td>\n",
       "      <td>-0.063069</td>\n",
       "      <td>0.090396</td>\n",
       "      <td>0.249505</td>\n",
       "      <td>0.031782</td>\n",
       "      <td>0.009802</td>\n",
       "      <td>-0.053564</td>\n",
       "      <td>0.015644</td>\n",
       "      <td>0.035743</td>\n",
       "      <td>-0.101287</td>\n",
       "      <td>0.004158</td>\n",
       "      <td>-0.052079</td>\n",
       "      <td>0.036040</td>\n",
       "      <td>0.064257</td>\n",
       "    </tr>\n",
       "    <tr>\n",
       "      <th>toothed</th>\n",
       "      <td>0.120297</td>\n",
       "      <td>-0.120792</td>\n",
       "      <td>-0.156337</td>\n",
       "      <td>0.152376</td>\n",
       "      <td>-0.124950</td>\n",
       "      <td>0.012574</td>\n",
       "      <td>0.031782</td>\n",
       "      <td>0.241584</td>\n",
       "      <td>0.108713</td>\n",
       "      <td>-0.013168</td>\n",
       "      <td>-0.008317</td>\n",
       "      <td>0.067327</td>\n",
       "      <td>-0.193366</td>\n",
       "      <td>0.067030</td>\n",
       "      <td>0.011485</td>\n",
       "      <td>0.084257</td>\n",
       "      <td>-0.487327</td>\n",
       "    </tr>\n",
       "    <tr>\n",
       "      <th>backbone</th>\n",
       "      <td>0.036634</td>\n",
       "      <td>0.035644</td>\n",
       "      <td>-0.064851</td>\n",
       "      <td>0.073069</td>\n",
       "      <td>-0.017228</td>\n",
       "      <td>0.004158</td>\n",
       "      <td>0.009802</td>\n",
       "      <td>0.108713</td>\n",
       "      <td>0.147921</td>\n",
       "      <td>0.032574</td>\n",
       "      <td>-0.025743</td>\n",
       "      <td>0.030297</td>\n",
       "      <td>-0.338515</td>\n",
       "      <td>0.123663</td>\n",
       "      <td>0.013168</td>\n",
       "      <td>0.068416</td>\n",
       "      <td>-0.670297</td>\n",
       "    </tr>\n",
       "    <tr>\n",
       "      <th>breathes</th>\n",
       "      <td>0.089406</td>\n",
       "      <td>0.041584</td>\n",
       "      <td>-0.077327</td>\n",
       "      <td>0.085248</td>\n",
       "      <td>0.049901</td>\n",
       "      <td>-0.125149</td>\n",
       "      <td>-0.053564</td>\n",
       "      <td>-0.013168</td>\n",
       "      <td>0.032574</td>\n",
       "      <td>0.166337</td>\n",
       "      <td>-0.013366</td>\n",
       "      <td>-0.094653</td>\n",
       "      <td>0.306733</td>\n",
       "      <td>0.015941</td>\n",
       "      <td>0.017030</td>\n",
       "      <td>0.041485</td>\n",
       "      <td>-0.445347</td>\n",
       "    </tr>\n",
       "    <tr>\n",
       "      <th>venomous</th>\n",
       "      <td>-0.014059</td>\n",
       "      <td>-0.015842</td>\n",
       "      <td>0.013267</td>\n",
       "      <td>-0.032475</td>\n",
       "      <td>0.000990</td>\n",
       "      <td>0.011485</td>\n",
       "      <td>0.015644</td>\n",
       "      <td>-0.008317</td>\n",
       "      <td>-0.025743</td>\n",
       "      <td>-0.013366</td>\n",
       "      <td>0.073663</td>\n",
       "      <td>-0.003465</td>\n",
       "      <td>0.012673</td>\n",
       "      <td>-0.019406</td>\n",
       "      <td>-0.000297</td>\n",
       "      <td>-0.024851</td>\n",
       "      <td>0.183465</td>\n",
       "    </tr>\n",
       "    <tr>\n",
       "      <th>fins</th>\n",
       "      <td>-0.052376</td>\n",
       "      <td>-0.033663</td>\n",
       "      <td>0.030693</td>\n",
       "      <td>-0.029010</td>\n",
       "      <td>-0.040396</td>\n",
       "      <td>0.109406</td>\n",
       "      <td>0.035743</td>\n",
       "      <td>0.067327</td>\n",
       "      <td>0.030297</td>\n",
       "      <td>-0.094653</td>\n",
       "      <td>-0.003465</td>\n",
       "      <td>0.141386</td>\n",
       "      <td>-0.463069</td>\n",
       "      <td>0.033762</td>\n",
       "      <td>-0.011881</td>\n",
       "      <td>0.005941</td>\n",
       "      <td>0.078614</td>\n",
       "    </tr>\n",
       "    <tr>\n",
       "      <th>legs</th>\n",
       "      <td>0.398119</td>\n",
       "      <td>-0.168317</td>\n",
       "      <td>-0.226535</td>\n",
       "      <td>0.214950</td>\n",
       "      <td>0.038020</td>\n",
       "      <td>-0.352970</td>\n",
       "      <td>-0.101287</td>\n",
       "      <td>-0.193366</td>\n",
       "      <td>-0.338515</td>\n",
       "      <td>0.306733</td>\n",
       "      <td>0.012673</td>\n",
       "      <td>-0.463069</td>\n",
       "      <td>4.134653</td>\n",
       "      <td>-0.311188</td>\n",
       "      <td>0.050594</td>\n",
       "      <td>0.069703</td>\n",
       "      <td>0.563069</td>\n",
       "    </tr>\n",
       "    <tr>\n",
       "      <th>tail</th>\n",
       "      <td>0.010693</td>\n",
       "      <td>0.051485</td>\n",
       "      <td>-0.048119</td>\n",
       "      <td>0.045545</td>\n",
       "      <td>0.001782</td>\n",
       "      <td>-0.007327</td>\n",
       "      <td>0.004158</td>\n",
       "      <td>0.067030</td>\n",
       "      <td>0.123663</td>\n",
       "      <td>0.015941</td>\n",
       "      <td>-0.019406</td>\n",
       "      <td>0.033762</td>\n",
       "      <td>-0.311188</td>\n",
       "      <td>0.193069</td>\n",
       "      <td>0.003465</td>\n",
       "      <td>0.053267</td>\n",
       "      <td>-0.583762</td>\n",
       "    </tr>\n",
       "    <tr>\n",
       "      <th>domestic</th>\n",
       "      <td>0.034653</td>\n",
       "      <td>0.004257</td>\n",
       "      <td>-0.025941</td>\n",
       "      <td>0.027228</td>\n",
       "      <td>0.009109</td>\n",
       "      <td>-0.036337</td>\n",
       "      <td>-0.052079</td>\n",
       "      <td>0.011485</td>\n",
       "      <td>0.013168</td>\n",
       "      <td>0.017030</td>\n",
       "      <td>-0.000297</td>\n",
       "      <td>-0.011881</td>\n",
       "      <td>0.050594</td>\n",
       "      <td>0.003465</td>\n",
       "      <td>0.113267</td>\n",
       "      <td>0.003366</td>\n",
       "      <td>-0.128119</td>\n",
       "    </tr>\n",
       "    <tr>\n",
       "      <th>catsize</th>\n",
       "      <td>0.112673</td>\n",
       "      <td>-0.027129</td>\n",
       "      <td>-0.127030</td>\n",
       "      <td>0.141386</td>\n",
       "      <td>-0.074554</td>\n",
       "      <td>-0.026832</td>\n",
       "      <td>0.036040</td>\n",
       "      <td>0.084257</td>\n",
       "      <td>0.068416</td>\n",
       "      <td>0.041485</td>\n",
       "      <td>-0.024851</td>\n",
       "      <td>0.005941</td>\n",
       "      <td>0.069703</td>\n",
       "      <td>0.053267</td>\n",
       "      <td>0.003366</td>\n",
       "      <td>0.248317</td>\n",
       "      <td>-0.545941</td>\n",
       "    </tr>\n",
       "    <tr>\n",
       "      <th>type</th>\n",
       "      <td>-0.587624</td>\n",
       "      <td>-0.166337</td>\n",
       "      <td>0.689307</td>\n",
       "      <td>-0.750990</td>\n",
       "      <td>0.020396</td>\n",
       "      <td>0.330594</td>\n",
       "      <td>0.064257</td>\n",
       "      <td>-0.487327</td>\n",
       "      <td>-0.670297</td>\n",
       "      <td>-0.445347</td>\n",
       "      <td>0.183465</td>\n",
       "      <td>0.078614</td>\n",
       "      <td>0.563069</td>\n",
       "      <td>-0.583762</td>\n",
       "      <td>-0.128119</td>\n",
       "      <td>-0.545941</td>\n",
       "      <td>4.421386</td>\n",
       "    </tr>\n",
       "  </tbody>\n",
       "</table>\n",
       "</div>"
      ],
      "text/plain": [
       "              hair  feathers      eggs      milk  airborne   aquatic  \\\n",
       "hair      0.246931 -0.085149 -0.201188  0.215446 -0.042178 -0.113267   \n",
       "feathers -0.085149  0.160396  0.083168 -0.081188  0.112475 -0.011287   \n",
       "eggs     -0.201188  0.083168  0.245347 -0.229505  0.079802  0.089703   \n",
       "milk      0.215446 -0.081188 -0.229505  0.243564 -0.077426 -0.086139   \n",
       "airborne -0.042178  0.112475  0.079802 -0.077426  0.182970 -0.035545   \n",
       "aquatic  -0.113267 -0.011287  0.089703 -0.086139 -0.035545  0.231683   \n",
       "predator -0.038416 -0.020891  0.002871 -0.007327 -0.063069  0.090396   \n",
       "toothed   0.120297 -0.120792 -0.156337  0.152376 -0.124950  0.012574   \n",
       "backbone  0.036634  0.035644 -0.064851  0.073069 -0.017228  0.004158   \n",
       "breathes  0.089406  0.041584 -0.077327  0.085248  0.049901 -0.125149   \n",
       "venomous -0.014059 -0.015842  0.013267 -0.032475  0.000990  0.011485   \n",
       "fins     -0.052376 -0.033663  0.030693 -0.029010 -0.040396  0.109406   \n",
       "legs      0.398119 -0.168317 -0.226535  0.214950  0.038020 -0.352970   \n",
       "tail      0.010693  0.051485 -0.048119  0.045545  0.001782 -0.007327   \n",
       "domestic  0.034653  0.004257 -0.025941  0.027228  0.009109 -0.036337   \n",
       "catsize   0.112673 -0.027129 -0.127030  0.141386 -0.074554 -0.026832   \n",
       "type     -0.587624 -0.166337  0.689307 -0.750990  0.020396  0.330594   \n",
       "\n",
       "          predator   toothed  backbone  breathes  venomous      fins  \\\n",
       "hair     -0.038416  0.120297  0.036634  0.089406 -0.014059 -0.052376   \n",
       "feathers -0.020891 -0.120792  0.035644  0.041584 -0.015842 -0.033663   \n",
       "eggs      0.002871 -0.156337 -0.064851 -0.077327  0.013267  0.030693   \n",
       "milk     -0.007327  0.152376  0.073069  0.085248 -0.032475 -0.029010   \n",
       "airborne -0.063069 -0.124950 -0.017228  0.049901  0.000990 -0.040396   \n",
       "aquatic   0.090396  0.012574  0.004158 -0.125149  0.011485  0.109406   \n",
       "predator  0.249505  0.031782  0.009802 -0.053564  0.015644  0.035743   \n",
       "toothed   0.031782  0.241584  0.108713 -0.013168 -0.008317  0.067327   \n",
       "backbone  0.009802  0.108713  0.147921  0.032574 -0.025743  0.030297   \n",
       "breathes -0.053564 -0.013168  0.032574  0.166337 -0.013366 -0.094653   \n",
       "venomous  0.015644 -0.008317 -0.025743 -0.013366  0.073663 -0.003465   \n",
       "fins      0.035743  0.067327  0.030297 -0.094653 -0.003465  0.141386   \n",
       "legs     -0.101287 -0.193366 -0.338515  0.306733  0.012673 -0.463069   \n",
       "tail      0.004158  0.067030  0.123663  0.015941 -0.019406  0.033762   \n",
       "domestic -0.052079  0.011485  0.013168  0.017030 -0.000297 -0.011881   \n",
       "catsize   0.036040  0.084257  0.068416  0.041485 -0.024851  0.005941   \n",
       "type      0.064257 -0.487327 -0.670297 -0.445347  0.183465  0.078614   \n",
       "\n",
       "              legs      tail  domestic   catsize      type  \n",
       "hair      0.398119  0.010693  0.034653  0.112673 -0.587624  \n",
       "feathers -0.168317  0.051485  0.004257 -0.027129 -0.166337  \n",
       "eggs     -0.226535 -0.048119 -0.025941 -0.127030  0.689307  \n",
       "milk      0.214950  0.045545  0.027228  0.141386 -0.750990  \n",
       "airborne  0.038020  0.001782  0.009109 -0.074554  0.020396  \n",
       "aquatic  -0.352970 -0.007327 -0.036337 -0.026832  0.330594  \n",
       "predator -0.101287  0.004158 -0.052079  0.036040  0.064257  \n",
       "toothed  -0.193366  0.067030  0.011485  0.084257 -0.487327  \n",
       "backbone -0.338515  0.123663  0.013168  0.068416 -0.670297  \n",
       "breathes  0.306733  0.015941  0.017030  0.041485 -0.445347  \n",
       "venomous  0.012673 -0.019406 -0.000297 -0.024851  0.183465  \n",
       "fins     -0.463069  0.033762 -0.011881  0.005941  0.078614  \n",
       "legs      4.134653 -0.311188  0.050594  0.069703  0.563069  \n",
       "tail     -0.311188  0.193069  0.003465  0.053267 -0.583762  \n",
       "domestic  0.050594  0.003465  0.113267  0.003366 -0.128119  \n",
       "catsize   0.069703  0.053267  0.003366  0.248317 -0.545941  \n",
       "type      0.563069 -0.583762 -0.128119 -0.545941  4.421386  "
      ]
     },
     "execution_count": 6,
     "metadata": {},
     "output_type": "execute_result"
    }
   ],
   "source": [
    "df.cov()"
   ]
  },
  {
   "cell_type": "code",
   "execution_count": 7,
   "id": "6d9d9e19-f617-47a3-9423-6b36f1d8c05a",
   "metadata": {},
   "outputs": [
    {
     "data": {
      "text/html": [
       "<div>\n",
       "<style scoped>\n",
       "    .dataframe tbody tr th:only-of-type {\n",
       "        vertical-align: middle;\n",
       "    }\n",
       "\n",
       "    .dataframe tbody tr th {\n",
       "        vertical-align: top;\n",
       "    }\n",
       "\n",
       "    .dataframe thead th {\n",
       "        text-align: right;\n",
       "    }\n",
       "</style>\n",
       "<table border=\"1\" class=\"dataframe\">\n",
       "  <thead>\n",
       "    <tr style=\"text-align: right;\">\n",
       "      <th></th>\n",
       "      <th>hair</th>\n",
       "      <th>feathers</th>\n",
       "      <th>eggs</th>\n",
       "      <th>milk</th>\n",
       "      <th>airborne</th>\n",
       "      <th>aquatic</th>\n",
       "      <th>predator</th>\n",
       "      <th>toothed</th>\n",
       "      <th>backbone</th>\n",
       "      <th>breathes</th>\n",
       "      <th>venomous</th>\n",
       "      <th>fins</th>\n",
       "      <th>legs</th>\n",
       "      <th>tail</th>\n",
       "      <th>domestic</th>\n",
       "      <th>catsize</th>\n",
       "      <th>type</th>\n",
       "    </tr>\n",
       "  </thead>\n",
       "  <tbody>\n",
       "    <tr>\n",
       "      <th>hair</th>\n",
       "      <td>1.000000</td>\n",
       "      <td>-0.427851</td>\n",
       "      <td>-0.817382</td>\n",
       "      <td>0.878503</td>\n",
       "      <td>-0.198431</td>\n",
       "      <td>-0.473554</td>\n",
       "      <td>-0.154769</td>\n",
       "      <td>0.492531</td>\n",
       "      <td>0.191681</td>\n",
       "      <td>0.441149</td>\n",
       "      <td>-0.104245</td>\n",
       "      <td>-0.280313</td>\n",
       "      <td>0.394009</td>\n",
       "      <td>0.048973</td>\n",
       "      <td>0.207208</td>\n",
       "      <td>0.455020</td>\n",
       "      <td>-0.562384</td>\n",
       "    </tr>\n",
       "    <tr>\n",
       "      <th>feathers</th>\n",
       "      <td>-0.427851</td>\n",
       "      <td>1.000000</td>\n",
       "      <td>0.419248</td>\n",
       "      <td>-0.410761</td>\n",
       "      <td>0.656553</td>\n",
       "      <td>-0.058552</td>\n",
       "      <td>-0.104430</td>\n",
       "      <td>-0.613631</td>\n",
       "      <td>0.231403</td>\n",
       "      <td>0.254588</td>\n",
       "      <td>-0.145739</td>\n",
       "      <td>-0.223541</td>\n",
       "      <td>-0.206686</td>\n",
       "      <td>0.292569</td>\n",
       "      <td>0.031586</td>\n",
       "      <td>-0.135934</td>\n",
       "      <td>-0.197520</td>\n",
       "    </tr>\n",
       "    <tr>\n",
       "      <th>eggs</th>\n",
       "      <td>-0.817382</td>\n",
       "      <td>0.419248</td>\n",
       "      <td>1.000000</td>\n",
       "      <td>-0.938848</td>\n",
       "      <td>0.376646</td>\n",
       "      <td>0.376244</td>\n",
       "      <td>0.011605</td>\n",
       "      <td>-0.642150</td>\n",
       "      <td>-0.340420</td>\n",
       "      <td>-0.382777</td>\n",
       "      <td>0.098689</td>\n",
       "      <td>0.164796</td>\n",
       "      <td>-0.224918</td>\n",
       "      <td>-0.221090</td>\n",
       "      <td>-0.155610</td>\n",
       "      <td>-0.514650</td>\n",
       "      <td>0.661825</td>\n",
       "    </tr>\n",
       "    <tr>\n",
       "      <th>milk</th>\n",
       "      <td>0.878503</td>\n",
       "      <td>-0.410761</td>\n",
       "      <td>-0.938848</td>\n",
       "      <td>1.000000</td>\n",
       "      <td>-0.366765</td>\n",
       "      <td>-0.362613</td>\n",
       "      <td>-0.029721</td>\n",
       "      <td>0.628168</td>\n",
       "      <td>0.384958</td>\n",
       "      <td>0.423527</td>\n",
       "      <td>-0.242449</td>\n",
       "      <td>-0.156328</td>\n",
       "      <td>0.214196</td>\n",
       "      <td>0.210026</td>\n",
       "      <td>0.163928</td>\n",
       "      <td>0.574906</td>\n",
       "      <td>-0.723683</td>\n",
       "    </tr>\n",
       "    <tr>\n",
       "      <th>airborne</th>\n",
       "      <td>-0.198431</td>\n",
       "      <td>0.656553</td>\n",
       "      <td>0.376646</td>\n",
       "      <td>-0.366765</td>\n",
       "      <td>1.000000</td>\n",
       "      <td>-0.172638</td>\n",
       "      <td>-0.295181</td>\n",
       "      <td>-0.594311</td>\n",
       "      <td>-0.104718</td>\n",
       "      <td>0.286039</td>\n",
       "      <td>0.008528</td>\n",
       "      <td>-0.251157</td>\n",
       "      <td>0.043712</td>\n",
       "      <td>0.009482</td>\n",
       "      <td>0.063274</td>\n",
       "      <td>-0.349768</td>\n",
       "      <td>0.022677</td>\n",
       "    </tr>\n",
       "    <tr>\n",
       "      <th>aquatic</th>\n",
       "      <td>-0.473554</td>\n",
       "      <td>-0.058552</td>\n",
       "      <td>0.376244</td>\n",
       "      <td>-0.362613</td>\n",
       "      <td>-0.172638</td>\n",
       "      <td>1.000000</td>\n",
       "      <td>0.375978</td>\n",
       "      <td>0.053150</td>\n",
       "      <td>0.022463</td>\n",
       "      <td>-0.637506</td>\n",
       "      <td>0.087915</td>\n",
       "      <td>0.604492</td>\n",
       "      <td>-0.360638</td>\n",
       "      <td>-0.034642</td>\n",
       "      <td>-0.224308</td>\n",
       "      <td>-0.111866</td>\n",
       "      <td>0.326639</td>\n",
       "    </tr>\n",
       "    <tr>\n",
       "      <th>predator</th>\n",
       "      <td>-0.154769</td>\n",
       "      <td>-0.104430</td>\n",
       "      <td>0.011605</td>\n",
       "      <td>-0.029721</td>\n",
       "      <td>-0.295181</td>\n",
       "      <td>0.375978</td>\n",
       "      <td>1.000000</td>\n",
       "      <td>0.129452</td>\n",
       "      <td>0.051022</td>\n",
       "      <td>-0.262931</td>\n",
       "      <td>0.115391</td>\n",
       "      <td>0.190302</td>\n",
       "      <td>-0.099723</td>\n",
       "      <td>0.018947</td>\n",
       "      <td>-0.309794</td>\n",
       "      <td>0.144790</td>\n",
       "      <td>0.061179</td>\n",
       "    </tr>\n",
       "    <tr>\n",
       "      <th>toothed</th>\n",
       "      <td>0.492531</td>\n",
       "      <td>-0.613631</td>\n",
       "      <td>-0.642150</td>\n",
       "      <td>0.628168</td>\n",
       "      <td>-0.594311</td>\n",
       "      <td>0.053150</td>\n",
       "      <td>0.129452</td>\n",
       "      <td>1.000000</td>\n",
       "      <td>0.575085</td>\n",
       "      <td>-0.065690</td>\n",
       "      <td>-0.062344</td>\n",
       "      <td>0.364292</td>\n",
       "      <td>-0.193476</td>\n",
       "      <td>0.310368</td>\n",
       "      <td>0.069430</td>\n",
       "      <td>0.344010</td>\n",
       "      <td>-0.471527</td>\n",
       "    </tr>\n",
       "    <tr>\n",
       "      <th>backbone</th>\n",
       "      <td>0.191681</td>\n",
       "      <td>0.231403</td>\n",
       "      <td>-0.340420</td>\n",
       "      <td>0.384958</td>\n",
       "      <td>-0.104718</td>\n",
       "      <td>0.022463</td>\n",
       "      <td>0.051022</td>\n",
       "      <td>0.575085</td>\n",
       "      <td>1.000000</td>\n",
       "      <td>0.207666</td>\n",
       "      <td>-0.246611</td>\n",
       "      <td>0.209499</td>\n",
       "      <td>-0.432856</td>\n",
       "      <td>0.731762</td>\n",
       "      <td>0.101733</td>\n",
       "      <td>0.356976</td>\n",
       "      <td>-0.828845</td>\n",
       "    </tr>\n",
       "    <tr>\n",
       "      <th>breathes</th>\n",
       "      <td>0.441149</td>\n",
       "      <td>0.254588</td>\n",
       "      <td>-0.382777</td>\n",
       "      <td>0.423527</td>\n",
       "      <td>0.286039</td>\n",
       "      <td>-0.637506</td>\n",
       "      <td>-0.262931</td>\n",
       "      <td>-0.065690</td>\n",
       "      <td>0.207666</td>\n",
       "      <td>1.000000</td>\n",
       "      <td>-0.120752</td>\n",
       "      <td>-0.617219</td>\n",
       "      <td>0.369868</td>\n",
       "      <td>0.088952</td>\n",
       "      <td>0.124068</td>\n",
       "      <td>0.204125</td>\n",
       "      <td>-0.519308</td>\n",
       "    </tr>\n",
       "    <tr>\n",
       "      <th>venomous</th>\n",
       "      <td>-0.104245</td>\n",
       "      <td>-0.145739</td>\n",
       "      <td>0.098689</td>\n",
       "      <td>-0.242449</td>\n",
       "      <td>0.008528</td>\n",
       "      <td>0.087915</td>\n",
       "      <td>0.115391</td>\n",
       "      <td>-0.062344</td>\n",
       "      <td>-0.246611</td>\n",
       "      <td>-0.120752</td>\n",
       "      <td>1.000000</td>\n",
       "      <td>-0.033956</td>\n",
       "      <td>0.022964</td>\n",
       "      <td>-0.162724</td>\n",
       "      <td>-0.003252</td>\n",
       "      <td>-0.183748</td>\n",
       "      <td>0.321476</td>\n",
       "    </tr>\n",
       "    <tr>\n",
       "      <th>fins</th>\n",
       "      <td>-0.280313</td>\n",
       "      <td>-0.223541</td>\n",
       "      <td>0.164796</td>\n",
       "      <td>-0.156328</td>\n",
       "      <td>-0.251157</td>\n",
       "      <td>0.604492</td>\n",
       "      <td>0.190302</td>\n",
       "      <td>0.364292</td>\n",
       "      <td>0.209499</td>\n",
       "      <td>-0.617219</td>\n",
       "      <td>-0.033956</td>\n",
       "      <td>1.000000</td>\n",
       "      <td>-0.605652</td>\n",
       "      <td>0.204349</td>\n",
       "      <td>-0.093887</td>\n",
       "      <td>0.031705</td>\n",
       "      <td>0.099430</td>\n",
       "    </tr>\n",
       "    <tr>\n",
       "      <th>legs</th>\n",
       "      <td>0.394009</td>\n",
       "      <td>-0.206686</td>\n",
       "      <td>-0.224918</td>\n",
       "      <td>0.214196</td>\n",
       "      <td>0.043712</td>\n",
       "      <td>-0.360638</td>\n",
       "      <td>-0.099723</td>\n",
       "      <td>-0.193476</td>\n",
       "      <td>-0.432856</td>\n",
       "      <td>0.369868</td>\n",
       "      <td>0.022964</td>\n",
       "      <td>-0.605652</td>\n",
       "      <td>1.000000</td>\n",
       "      <td>-0.348295</td>\n",
       "      <td>0.073931</td>\n",
       "      <td>0.068791</td>\n",
       "      <td>0.131693</td>\n",
       "    </tr>\n",
       "    <tr>\n",
       "      <th>tail</th>\n",
       "      <td>0.048973</td>\n",
       "      <td>0.292569</td>\n",
       "      <td>-0.221090</td>\n",
       "      <td>0.210026</td>\n",
       "      <td>0.009482</td>\n",
       "      <td>-0.034642</td>\n",
       "      <td>0.018947</td>\n",
       "      <td>0.310368</td>\n",
       "      <td>0.731762</td>\n",
       "      <td>0.088952</td>\n",
       "      <td>-0.162724</td>\n",
       "      <td>0.204349</td>\n",
       "      <td>-0.348295</td>\n",
       "      <td>1.000000</td>\n",
       "      <td>0.023434</td>\n",
       "      <td>0.243277</td>\n",
       "      <td>-0.631830</td>\n",
       "    </tr>\n",
       "    <tr>\n",
       "      <th>domestic</th>\n",
       "      <td>0.207208</td>\n",
       "      <td>0.031586</td>\n",
       "      <td>-0.155610</td>\n",
       "      <td>0.163928</td>\n",
       "      <td>0.063274</td>\n",
       "      <td>-0.224308</td>\n",
       "      <td>-0.309794</td>\n",
       "      <td>0.069430</td>\n",
       "      <td>0.101733</td>\n",
       "      <td>0.124068</td>\n",
       "      <td>-0.003252</td>\n",
       "      <td>-0.093887</td>\n",
       "      <td>0.073931</td>\n",
       "      <td>0.023434</td>\n",
       "      <td>1.000000</td>\n",
       "      <td>0.020073</td>\n",
       "      <td>-0.181043</td>\n",
       "    </tr>\n",
       "    <tr>\n",
       "      <th>catsize</th>\n",
       "      <td>0.455020</td>\n",
       "      <td>-0.135934</td>\n",
       "      <td>-0.514650</td>\n",
       "      <td>0.574906</td>\n",
       "      <td>-0.349768</td>\n",
       "      <td>-0.111866</td>\n",
       "      <td>0.144790</td>\n",
       "      <td>0.344010</td>\n",
       "      <td>0.356976</td>\n",
       "      <td>0.204125</td>\n",
       "      <td>-0.183748</td>\n",
       "      <td>0.031705</td>\n",
       "      <td>0.068791</td>\n",
       "      <td>0.243277</td>\n",
       "      <td>0.020073</td>\n",
       "      <td>1.000000</td>\n",
       "      <td>-0.521030</td>\n",
       "    </tr>\n",
       "    <tr>\n",
       "      <th>type</th>\n",
       "      <td>-0.562384</td>\n",
