{
 "cells": [
  {
   "cell_type": "markdown",
   "id": "60a8a746-91ba-45f3-bf70-20d642238d88",
   "metadata": {},
   "source": [
    "Que.3 -\n",
    "\n",
    "Prepare a model for glass classification using KNN, SVM and Naive Bayes.\n",
    "Also calculate Accuracy by confusion matrix, Calculate accuracy score, precision score, recall score, f1 score.\n",
    "Data Description:\n",
    "RI : refractive index\n",
    "Na: Sodium (unit measurement: weight percent in corresponding oxide, as are attributes 4-10)\n",
    "Mg: Magnesium\n",
    "AI: Aluminum\n",
    "Si: Silicon\n",
    "K:Potassium\n",
    "Ca: Calcium\n",
    "Ba: Barium\n",
    "Fe: Iron\n",
    "Type: Type of glass: (class attribute)\n",
    "1 -- building_windows_float_processed\n",
    " 2 --building_windows_non_float_processed\n",
    " 3 --vehicle_windows_float_processed\n",
    " 4 --vehicle_windows_non_float_processed (none in this database)\n",
    " 5 --containers\n",
    " 6 --tableware\n",
    " 7 --headlamps\n",
    "\n",
    "Dataset : Glass.csv"
   ]
  },
  {
   "cell_type": "markdown",
   "id": "59088e17-2f6c-4cfa-bfbb-2b8fc09926f1",
   "metadata": {},
   "source": [
    "### import required packages"
   ]
  },
  {
   "cell_type": "code",
   "execution_count": 1,
   "id": "8d582596-cc58-488e-a7ef-ca7c6fb400fe",
   "metadata": {},
   "outputs": [],
   "source": [
    "import numpy as np\n",
    "import pandas as pd\n",
    "import matplotlib.pyplot as plt\n",
    "import seaborn as sns"
   ]
  },
  {
   "cell_type": "markdown",
   "id": "f22c76ea-123e-4025-ace2-2ecb2e4a84f0",
   "metadata": {},
   "source": [
    "### load the data"
   ]
  },
  {
   "cell_type": "code",
   "execution_count": 2,
   "id": "6c22276f-35e0-4996-9596-bf5a986315f8",
   "metadata": {},
   "outputs": [
    {
     "data": {
      "text/html": [
       "<div>\n",
       "<style scoped>\n",
       "    .dataframe tbody tr th:only-of-type {\n",
       "        vertical-align: middle;\n",
       "    }\n",
       "\n",
       "    .dataframe tbody tr th {\n",
       "        vertical-align: top;\n",
       "    }\n",
       "\n",
       "    .dataframe thead th {\n",
       "        text-align: right;\n",
       "    }\n",
       "</style>\n",
       "<table border=\"1\" class=\"dataframe\">\n",
       "  <thead>\n",
       "    <tr style=\"text-align: right;\">\n",
       "      <th></th>\n",
       "      <th>RI</th>\n",
       "      <th>Na</th>\n",
       "      <th>Mg</th>\n",
       "      <th>Al</th>\n",
       "      <th>Si</th>\n",
       "      <th>K</th>\n",
       "      <th>Ca</th>\n",
       "      <th>Ba</th>\n",
       "      <th>Fe</th>\n",
       "      <th>Type</th>\n",
       "    </tr>\n",
       "  </thead>\n",
       "  <tbody>\n",
       "    <tr>\n",
       "      <th>0</th>\n",
       "      <td>1.52101</td>\n",
       "      <td>13.64</td>\n",
       "      <td>4.49</td>\n",
       "      <td>1.10</td>\n",
       "      <td>71.78</td>\n",
       "      <td>0.06</td>\n",
       "      <td>8.75</td>\n",
       "      <td>0.0</td>\n",
       "      <td>0.0</td>\n",
       "      <td>1</td>\n",
       "    </tr>\n",
       "    <tr>\n",
       "      <th>1</th>\n",
       "      <td>1.51761</td>\n",
       "      <td>13.89</td>\n",
       "      <td>3.60</td>\n",
       "      <td>1.36</td>\n",
       "      <td>72.73</td>\n",
       "      <td>0.48</td>\n",
       "      <td>7.83</td>\n",
       "      <td>0.0</td>\n",
       "      <td>0.0</td>\n",
       "      <td>1</td>\n",
       "    </tr>\n",
       "    <tr>\n",
       "      <th>2</th>\n",
       "      <td>1.51618</td>\n",
       "      <td>13.53</td>\n",
       "      <td>3.55</td>\n",
       "      <td>1.54</td>\n",
       "      <td>72.99</td>\n",
       "      <td>0.39</td>\n",
       "      <td>7.78</td>\n",
       "      <td>0.0</td>\n",
       "      <td>0.0</td>\n",
       "      <td>1</td>\n",
       "    </tr>\n",
       "    <tr>\n",
       "      <th>3</th>\n",
       "      <td>1.51766</td>\n",
       "      <td>13.21</td>\n",
       "      <td>3.69</td>\n",
       "      <td>1.29</td>\n",
       "      <td>72.61</td>\n",
       "      <td>0.57</td>\n",
       "      <td>8.22</td>\n",
       "      <td>0.0</td>\n",
       "      <td>0.0</td>\n",
       "      <td>1</td>\n",
       "    </tr>\n",
       "    <tr>\n",
       "      <th>4</th>\n",
       "      <td>1.51742</td>\n",
       "      <td>13.27</td>\n",
       "      <td>3.62</td>\n",
       "      <td>1.24</td>\n",
       "      <td>73.08</td>\n",
       "      <td>0.55</td>\n",
       "      <td>8.07</td>\n",
       "      <td>0.0</td>\n",
       "      <td>0.0</td>\n",
       "      <td>1</td>\n",
       "    </tr>\n",
       "  </tbody>\n",
       "</table>\n",
       "</div>"
      ],
      "text/plain": [
       "        RI     Na    Mg    Al     Si     K    Ca   Ba   Fe  Type\n",
       "0  1.52101  13.64  4.49  1.10  71.78  0.06  8.75  0.0  0.0     1\n",
       "1  1.51761  13.89  3.60  1.36  72.73  0.48  7.83  0.0  0.0     1\n",
       "2  1.51618  13.53  3.55  1.54  72.99  0.39  7.78  0.0  0.0     1\n",
       "3  1.51766  13.21  3.69  1.29  72.61  0.57  8.22  0.0  0.0     1\n",
       "4  1.51742  13.27  3.62  1.24  73.08  0.55  8.07  0.0  0.0     1"
      ]
     },
     "execution_count": 2,
     "metadata": {},
     "output_type": "execute_result"
    }
   ],
   "source": [
    "df = pd.read_csv('glass.csv')\n",
    "df.head()"
   ]
  },
  {
   "cell_type": "markdown",
   "id": "2b7d7e52-2da0-4df4-b0dc-bc2d923c7c7b",
   "metadata": {},
   "source": [
    "### exploratory data analysis"
   ]
  },
  {
   "cell_type": "code",
   "execution_count": 3,
   "id": "66123f0d-d71e-4632-83f5-b1d03502aea8",
   "metadata": {},
   "outputs": [
    {
     "name": "stdout",
     "output_type": "stream",
     "text": [
      "<class 'pandas.core.frame.DataFrame'>\n",
      "RangeIndex: 214 entries, 0 to 213\n",
      "Data columns (total 10 columns):\n",
      " #   Column  Non-Null Count  Dtype  \n",
      "---  ------  --------------  -----  \n",
      " 0   RI      214 non-null    float64\n",
      " 1   Na      214 non-null    float64\n",
      " 2   Mg      214 non-null    float64\n",
      " 3   Al      214 non-null    float64\n",
      " 4   Si      214 non-null    float64\n",
      " 5   K       214 non-null    float64\n",
      " 6   Ca      214 non-null    float64\n",
      " 7   Ba      214 non-null    float64\n",
      " 8   Fe      214 non-null    float64\n",
      " 9   Type    214 non-null    int64  \n",
      "dtypes: float64(9), int64(1)\n",
      "memory usage: 16.8 KB\n"
     ]
    }
   ],
   "source": [
    "df.info()"
   ]
  },
  {
   "cell_type": "code",
   "execution_count": 4,
   "id": "3bf3d835-648c-47db-9928-52d0b9c0ba14",
   "metadata": {},
   "outputs": [
    {
     "data": {
      "text/plain": [
       "RI      0\n",
       "Na      0\n",
       "Mg      0\n",
       "Al      0\n",
       "Si      0\n",
       "K       0\n",
       "Ca      0\n",
       "Ba      0\n",
       "Fe      0\n",
       "Type    0\n",
       "dtype: int64"
      ]
     },
     "execution_count": 4,
     "metadata": {},
     "output_type": "execute_result"
    }
   ],
   "source": [
    "df.isna().sum()"
   ]
  },
  {
   "cell_type": "code",
   "execution_count": 5,
   "id": "2c588b72-c2ae-400e-b8e3-50ebd32ef2a3",
   "metadata": {},
   "outputs": [
    {
     "data": {
      "text/plain": [
       "Type\n",
       "2    76\n",
       "1    70\n",
       "7    29\n",
       "3    17\n",
       "5    13\n",
       "6     9\n",
       "Name: count, dtype: int64"
      ]
     },
     "execution_count": 5,
     "metadata": {},
     "output_type": "execute_result"
    }
   ],
   "source": [
    "# check if the data is imbalanced\n",
    "df['Type'].value_counts()"
   ]
  },
  {
   "cell_type": "code",
   "execution_count": 6,
   "id": "330a1820-2ee7-4bf8-8319-cbab5861898f",
   "metadata": {},
   "outputs": [
    {
     "data": {
      "text/html": [
       "<div>\n",
       "<style scoped>\n",
       "    .dataframe tbody tr th:only-of-type {\n",
       "        vertical-align: middle;\n",
       "    }\n",
       "\n",
       "    .dataframe tbody tr th {\n",
       "        vertical-align: top;\n",
       "    }\n",
       "\n",
       "    .dataframe thead th {\n",
       "        text-align: right;\n",
       "    }\n",
       "</style>\n",
       "<table border=\"1\" class=\"dataframe\">\n",
       "  <thead>\n",
       "    <tr style=\"text-align: right;\">\n",
       "      <th></th>\n",
       "      <th>RI</th>\n",
       "      <th>Na</th>\n",
       "      <th>Mg</th>\n",
       "      <th>Al</th>\n",
       "      <th>Si</th>\n",
       "      <th>K</th>\n",
       "      <th>Ca</th>\n",
       "      <th>Ba</th>\n",
       "      <th>Fe</th>\n",
       "      <th>Type</th>\n",
       "    </tr>\n",
       "  </thead>\n",
       "  <tbody>\n",
       "    <tr>\n",
       "      <th>RI</th>\n",
       "      <td>9.222541e-06</td>\n",
       "      <td>-0.000476</td>\n",
       "      <td>-0.000536</td>\n",
       "      <td>-0.000618</td>\n",
       "      <td>-0.001275</td>\n",
       "      <td>-0.000574</td>\n",
       "      <td>0.003502</td>\n",
       "      <td>-5.828836e-07</td>\n",
       "      <td>0.000042</td>\n",
       "      <td>-0.001049</td>\n",
       "    </tr>\n",
       "    <tr>\n",
       "      <th>Na</th>\n",
       "      <td>-4.758592e-04</td>\n",
       "      <td>0.666841</td>\n",
       "      <td>-0.322422</td>\n",
       "      <td>0.063926</td>\n",
       "      <td>-0.044154</td>\n",
       "      <td>-0.141713</td>\n",
       "      <td>-0.320106</td>\n",
       "      <td>1.326109e-01</td>\n",
       "      <td>-0.019204</td>\n",
       "      <td>0.863939</td>\n",
       "    </tr>\n",
       "    <tr>\n",
       "      <th>Mg</th>\n",
       "      <td>-5.356087e-04</td>\n",
       "      <td>-0.322422</td>\n",
       "      <td>2.080540</td>\n",
       "      <td>-0.346967</td>\n",
       "      <td>-0.185375</td>\n",
       "      <td>0.005076</td>\n",
       "      <td>-0.910916</td>\n",
       "      <td>-3.530469e-01</td>\n",
       "      <td>0.011674</td>\n",
       "      <td>-2.260643</td>\n",
       "    </tr>\n",
       "    <tr>\n",
       "      <th>Al</th>\n",
       "      <td>-6.175934e-04</td>\n",
       "      <td>0.063926</td>\n",
       "      <td>-0.346967</td>\n",
       "      <td>0.249270</td>\n",
       "      <td>-0.002136</td>\n",
       "      <td>0.106138</td>\n",
       "      <td>-0.184450</td>\n",
       "      <td>1.190103e-01</td>\n",
       "      <td>-0.003620</td>\n",
       "      <td>0.628970</td>\n",
       "    </tr>\n",
       "    <tr>\n",
       "      <th>Si</th>\n",
       "      <td>-1.275010e-03</td>\n",
       "      <td>-0.044154</td>\n",
       "      <td>-0.185375</td>\n",
       "      <td>-0.002136</td>\n",
       "      <td>0.599921</td>\n",
       "      <td>-0.097662</td>\n",
       "      <td>-0.230085</td>\n",
       "      <td>-3.934042e-02</td>\n",
       "      <td>-0.007109</td>\n",
       "      <td>0.246967</td>\n",
       "    </tr>\n",
       "    <tr>\n",
       "      <th>K</th>\n",
       "      <td>-5.740478e-04</td>\n",
       "      <td>-0.141713</td>\n",
       "      <td>0.005076</td>\n",
       "      <td>0.106138</td>\n",
       "      <td>-0.097662</td>\n",
       "      <td>0.425354</td>\n",
       "      <td>-0.295006</td>\n",
       "      <td>-1.382028e-02</td>\n",
       "      <td>-0.000491</td>\n",
       "      <td>-0.013795</td>\n",
       "    </tr>\n",
       "    <tr>\n",
       "      <th>Ca</th>\n",
       "      <td>3.502498e-03</td>\n",
       "      <td>-0.320106</td>\n",
       "      <td>-0.910916</td>\n",
       "      <td>-0.184450</td>\n",
       "      <td>-0.230085</td>\n",
       "      <td>-0.295006</td>\n",
       "      <td>2.025366</td>\n",
       "      <td>-7.984845e-02</td>\n",
       "      <td>0.017329</td>\n",
       "      <td>0.002851</td>\n",
       "    </tr>\n",
       "    <tr>\n",
       "      <th>Ba</th>\n",
       "      <td>-5.828836e-07</td>\n",
       "      <td>0.132611</td>\n",
       "      <td>-0.353047</td>\n",
       "      <td>0.119010</td>\n",
       "      <td>-0.039340</td>\n",
       "      <td>-0.013820</td>\n",
       "      <td>-0.079848</td>\n",
       "      <td>2.472270e-01</td>\n",
       "      <td>-0.002844</td>\n",
       "      <td>0.601630</td>\n",
       "    </tr>\n",
       "    <tr>\n",
       "      <th>Fe</th>\n",
       "      <td>4.231770e-05</td>\n",
       "      <td>-0.019204</td>\n",
       "      <td>0.011674</td>\n",
       "      <td>-0.003620</td>\n",
       "      <td>-0.007109</td>\n",
       "      <td>-0.000491</td>\n",
       "      <td>0.017329</td>\n",
       "      <td>-2.843522e-03</td>\n",
       "      <td>0.009494</td>\n",
       "      <td>-0.038594</td>\n",
       "    </tr>\n",
       "    <tr>\n",
       "      <th>Type</th>\n",
       "      <td>-1.049273e-03</td>\n",
       "      <td>0.863939</td>\n",
       "      <td>-2.260643</td>\n",
       "      <td>0.628970</td>\n",
       "      <td>0.246967</td>\n",
       "      <td>-0.013795</td>\n",
       "      <td>0.002851</td>\n",
       "      <td>6.016300e-01</td>\n",
       "      <td>-0.038594</td>\n",
       "      <td>4.425716</td>\n",
       "    </tr>\n",
       "  </tbody>\n",
       "</table>\n",
       "</div>"
      ],
      "text/plain": [
       "                RI        Na        Mg        Al        Si         K  \\\n",
       "RI    9.222541e-06 -0.000476 -0.000536 -0.000618 -0.001275 -0.000574   \n",
       "Na   -4.758592e-04  0.666841 -0.322422  0.063926 -0.044154 -0.141713   \n",
       "Mg   -5.356087e-04 -0.322422  2.080540 -0.346967 -0.185375  0.005076   \n",
       "Al   -6.175934e-04  0.063926 -0.346967  0.249270 -0.002136  0.106138   \n",
       "Si   -1.275010e-03 -0.044154 -0.185375 -0.002136  0.599921 -0.097662   \n",
       "K    -5.740478e-04 -0.141713  0.005076  0.106138 -0.097662  0.425354   \n",
       "Ca    3.502498e-03 -0.320106 -0.910916 -0.184450 -0.230085 -0.295006   \n",
       "Ba   -5.828836e-07  0.132611 -0.353047  0.119010 -0.039340 -0.013820   \n",
       "Fe    4.231770e-05 -0.019204  0.011674 -0.003620 -0.007109 -0.000491   \n",
       "Type -1.049273e-03  0.863939 -2.260643  0.628970  0.246967 -0.013795   \n",
       "\n",
       "            Ca            Ba        Fe      Type  \n",
       "RI    0.003502 -5.828836e-07  0.000042 -0.001049  \n",
       "Na   -0.320106  1.326109e-01 -0.019204  0.863939  \n",
       "Mg   -0.910916 -3.530469e-01  0.011674 -2.260643  \n",
       "Al   -0.184450  1.190103e-01 -0.003620  0.628970  \n",
       "Si   -0.230085 -3.934042e-02 -0.007109  0.246967  \n",
       "K    -0.295006 -1.382028e-02 -0.000491 -0.013795  \n",
       "Ca    2.025366 -7.984845e-02  0.017329  0.002851  \n",
       "Ba   -0.079848  2.472270e-01 -0.002844  0.601630  \n",
       "Fe    0.017329 -2.843522e-03  0.009494 -0.038594  \n",
       "Type  0.002851  6.016300e-01 -0.038594  4.425716  "
      ]
     },
     "execution_count": 6,
     "metadata": {},
     "output_type": "execute_result"
    }
   ],
   "source": [
    "df.cov()"
   ]
  },
  {
   "cell_type": "code",
   "execution_count": 7,
   "id": "6d9d9e19-f617-47a3-9423-6b36f1d8c05a",
   "metadata": {},
   "outputs": [
    {
     "data": {
      "text/html": [
       "<div>\n",
       "<style scoped>\n",
       "    .dataframe tbody tr th:only-of-type {\n",
       "        vertical-align: middle;\n",
       "    }\n",
       "\n",
       "    .dataframe tbody tr th {\n",
       "        vertical-align: top;\n",
       "    }\n",
       "\n",
       "    .dataframe thead th {\n",
       "        text-align: right;\n",
       "    }\n",
       "</style>\n",
       "<table border=\"1\" class=\"dataframe\">\n",
       "  <thead>\n",
       "    <tr style=\"text-align: right;\">\n",
       "      <th></th>\n",
       "      <th>RI</th>\n",
       "      <th>Na</th>\n",
       "      <th>Mg</th>\n",
       "      <th>Al</th>\n",
       "      <th>Si</th>\n",
       "      <th>K</th>\n",
       "      <th>Ca</th>\n",
       "      <th>Ba</th>\n",
       "      <th>Fe</th>\n",
       "      <th>Type</th>\n",
       "    </tr>\n",
       "  </thead>\n",
       "  <tbody>\n",
       "    <tr>\n",
       "      <th>RI</th>\n",
       "      <td>1.000000</td>\n",
       "      <td>-0.191885</td>\n",
       "      <td>-0.122274</td>\n",
       "      <td>-0.407326</td>\n",
       "      <td>-0.542052</td>\n",
       "      <td>-0.289833</td>\n",
       "      <td>0.810403</td>\n",
       "      <td>-0.000386</td>\n",
       "      <td>0.143010</td>\n",
       "      <td>-0.164237</td>\n",
       "    </tr>\n",
       "    <tr>\n",
       "      <th>Na</th>\n",
       "      <td>-0.191885</td>\n",
       "      <td>1.000000</td>\n",
       "      <td>-0.273732</td>\n",
       "      <td>0.156794</td>\n",
       "      <td>-0.069809</td>\n",
       "      <td>-0.266087</td>\n",
       "      <td>-0.275442</td>\n",
       "      <td>0.326603</td>\n",
       "      <td>-0.241346</td>\n",
       "      <td>0.502898</td>\n",
       "    </tr>\n",
       "    <tr>\n",
       "      <th>Mg</th>\n",
       "      <td>-0.122274</td>\n",
       "      <td>-0.273732</td>\n",
       "      <td>1.000000</td>\n",
       "      <td>-0.481799</td>\n",
       "      <td>-0.165927</td>\n",
       "      <td>0.005396</td>\n",
       "      <td>-0.443750</td>\n",
       "      <td>-0.492262</td>\n",
       "      <td>0.083060</td>\n",
       "      <td>-0.744993</td>\n",
       "    </tr>\n",
       "    <tr>\n",
       "      <th>Al</th>\n",
       "      <td>-0.407326</td>\n",
       "      <td>0.156794</td>\n",
       "      <td>-0.481799</td>\n",
       "      <td>1.000000</td>\n",
       "      <td>-0.005524</td>\n",
       "      <td>0.325958</td>\n",
       "      <td>-0.259592</td>\n",
       "      <td>0.479404</td>\n",
       "      <td>-0.074402</td>\n",
       "      <td>0.598829</td>\n",
       "    </tr>\n",
       "    <tr>\n",
       "      <th>Si</th>\n",
       "      <td>-0.542052</td>\n",
       "      <td>-0.069809</td>\n",
       "      <td>-0.165927</td>\n",
       "      <td>-0.005524</td>\n",
       "      <td>1.000000</td>\n",
       "      <td>-0.193331</td>\n",
       "      <td>-0.208732</td>\n",
       "      <td>-0.102151</td>\n",
       "      <td>-0.094201</td>\n",
       "      <td>0.151565</td>\n",
       "    </tr>\n",
       "    <tr>\n",
       "      <th>K</th>\n",
       "      <td>-0.289833</td>\n",
       "      <td>-0.266087</td>\n",
       "      <td>0.005396</td>\n",
       "      <td>0.325958</td>\n",
       "      <td>-0.193331</td>\n",
       "      <td>1.000000</td>\n",
       "      <td>-0.317836</td>\n",
       "      <td>-0.042618</td>\n",
       "      <td>-0.007719</td>\n",
       "      <td>-0.010054</td>\n",
       "    </tr>\n",
       "    <tr>\n",
       "      <th>Ca</th>\n",
       "      <td>0.810403</td>\n",
       "      <td>-0.275442</td>\n",
       "      <td>-0.443750</td>\n",
       "      <td>-0.259592</td>\n",
       "      <td>-0.208732</td>\n",
       "      <td>-0.317836</td>\n",
       "      <td>1.000000</td>\n",
       "      <td>-0.112841</td>\n",
       "      <td>0.124968</td>\n",
       "      <td>0.000952</td>\n",
       "    </tr>\n",
       "    <tr>\n",
       "      <th>Ba</th>\n",
       "      <td>-0.000386</td>\n",
       "      <td>0.326603</td>\n",
       "      <td>-0.492262</td>\n",
       "      <td>0.479404</td>\n",
       "      <td>-0.102151</td>\n",
       "      <td>-0.042618</td>\n",
       "      <td>-0.112841</td>\n",
       "      <td>1.000000</td>\n",
       "      <td>-0.058692</td>\n",
       "      <td>0.575161</td>\n",
       "    </tr>\n",
       "    <tr>\n",
       "      <th>Fe</th>\n",
       "      <td>0.143010</td>\n",
       "      <td>-0.241346</td>\n",
       "      <td>0.083060</td>\n",
       "      <td>-0.074402</td>\n",
       "      <td>-0.094201</td>\n",
       "      <td>-0.007719</td>\n",
       "      <td>0.124968</td>\n",
       "      <td>-0.058692</td>\n",
       "      <td>1.000000</td>\n",
       "      <td>-0.188278</td>\n",
       "    </tr>\n",
       "    <tr>\n",
       "      <th>Type</th>\n",
       "      <td>-0.164237</td>\n",
       "      <td>0.502898</td>\n",
       "      <td>-0.744993</td>\n",
       "      <td>0.598829</td>\n",
       "      <td>0.151565</td>\n",
       "      <td>-0.010054</td>\n",
       "      <td>0.000952</td>\n",
       "      <td>0.575161</td>\n",
       "      <td>-0.188278</td>\n",
       "      <td>1.000000</td>\n",
       "    </tr>\n",
       "  </tbody>\n",
       "</table>\n",
       "</div>"
      ],
      "text/plain": [
       "            RI        Na        Mg        Al        Si         K        Ca  \\\n",
       "RI    1.000000 -0.191885 -0.122274 -0.407326 -0.542052 -0.289833  0.810403   \n",
       "Na   -0.191885  1.000000 -0.273732  0.156794 -0.069809 -0.266087 -0.275442   \n",
       "Mg   -0.122274 -0.273732  1.000000 -0.481799 -0.165927  0.005396 -0.443750   \n",
       "Al   -0.407326  0.156794 -0.481799  1.000000 -0.005524  0.325958 -0.259592   \n",
       "Si   -0.542052 -0.069809 -0.165927 -0.005524  1.000000 -0.193331 -0.208732   \n",
       "K    -0.289833 -0.266087  0.005396  0.325958 -0.193331  1.000000 -0.317836   \n",
       "Ca    0.810403 -0.275442 -0.443750 -0.259592 -0.208732 -0.317836  1.000000   \n",
       "Ba   -0.000386  0.326603 -0.492262  0.479404 -0.102151 -0.042618 -0.112841   \n",
       "Fe    0.143010 -0.241346  0.083060 -0.074402 -0.094201 -0.007719  0.124968   \n",
       "Type -0.164237  0.502898 -0.744993  0.598829  0.151565 -0.010054  0.000952   \n",
       "\n",
       "            Ba        Fe      Type  \n",
       "RI   -0.000386  0.143010 -0.164237  \n",
       "Na    0.326603 -0.241346  0.502898  \n",
       "Mg   -0.492262  0.083060 -0.744993  \n",
       "Al    0.479404 -0.074402  0.598829  \n",
       "Si   -0.102151 -0.094201  0.151565  \n",
       "K    -0.042618 -0.007719 -0.010054  \n",
       "Ca   -0.112841  0.124968  0.000952  \n",
       "Ba    1.000000 -0.058692  0.575161  \n",
       "Fe   -0.058692  1.000000 -0.188278  \n",
       "Type  0.575161 -0.188278  1.000000  "
      ]
     },
     "execution_count": 7,
     "metadata": {},
     "output_type": "execute_result"
    }
   ],
   "source": [
    "df.corr()"
   ]
  },
  {
   "cell_type": "markdown",
   "id": "25b33699-c64d-43e7-bd9e-c2366d17d31a",
   "metadata": {},
   "source": [
    "### pre-processing"
   ]
  },
  {
   "cell_type": "code",
   "execution_count": 9,
   "id": "0cbb420b-c3f0-48b0-b6b0-736133854a4c",
   "metadata": {},
   "outputs": [
    {
     "data": {
      "text/html": [
       "<div>\n",
       "<style scoped>\n",
       "    .dataframe tbody tr th:only-of-type {\n",
       "        vertical-align: middle;\n",
       "    }\n",
       "\n",
       "    .dataframe tbody tr th {\n",
       "        vertical-align: top;\n",
       "    }\n",
       "\n",
       "    .dataframe thead th {\n",
       "        text-align: right;\n",
       "    }\n",
       "</style>\n",
       "<table border=\"1\" class=\"dataframe\">\n",
       "  <thead>\n",
       "    <tr style=\"text-align: right;\">\n",
       "      <th></th>\n",
       "      <th>Na</th>\n",
       "      <th>Mg</th>\n",
       "      <th>Al</th>\n",
       "      <th>Ba</th>\n",
       "    </tr>\n",
       "  </thead>\n",
       "  <tbody>\n",
       "    <tr>\n",
       "      <th>0</th>\n",
       "      <td>13.64</td>\n",
       "      <td>4.49</td>\n",
       "      <td>1.10</td>\n",
       "      <td>0.00</td>\n",
       "    </tr>\n",
       "    <tr>\n",
       "      <th>1</th>\n",
       "      <td>13.89</td>\n",
       "      <td>3.60</td>\n",
       "      <td>1.36</td>\n",
       "      <td>0.00</td>\n",
       "    </tr>\n",
       "    <tr>\n",
       "      <th>2</th>\n",
       "      <td>13.53</td>\n",
       "      <td>3.55</td>\n",
       "      <td>1.54</td>\n",
       "      <td>0.00</td>\n",
       "    </tr>\n",
       "    <tr>\n",
       "      <th>3</th>\n",
       "      <td>13.21</td>\n",
       "      <td>3.69</td>\n",
       "      <td>1.29</td>\n",
       "      <td>0.00</td>\n",
       "    </tr>\n",
       "    <tr>\n",
       "      <th>4</th>\n",
       "      <td>13.27</td>\n",
       "      <td>3.62</td>\n",
       "      <td>1.24</td>\n",
       "      <td>0.00</td>\n",
       "    </tr>\n",
       "    <tr>\n",
       "      <th>...</th>\n",
       "      <td>...</td>\n",
       "      <td>...</td>\n",
       "      <td>...</td>\n",
       "      <td>...</td>\n",
       "    </tr>\n",
       "    <tr>\n",
       "      <th>209</th>\n",
       "      <td>14.14</td>\n",
       "      <td>0.00</td>\n",
       "      <td>2.88</td>\n",
       "      <td>1.06</td>\n",
       "    </tr>\n",
       "    <tr>\n",
       "      <th>210</th>\n",
       "      <td>14.92</td>\n",
       "      <td>0.00</td>\n",
       "      <td>1.99</td>\n",
       "      <td>1.59</td>\n",
       "    </tr>\n",
       "    <tr>\n",
       "      <th>211</th>\n",
       "      <td>14.36</td>\n",
       "      <td>0.00</td>\n",
       "      <td>2.02</td>\n",
       "      <td>1.64</td>\n",
       "    </tr>\n",
       "    <tr>\n",
       "      <th>212</th>\n",
       "      <td>14.38</td>\n",
       "      <td>0.00</td>\n",
       "      <td>1.94</td>\n",
       "      <td>1.57</td>\n",
       "    </tr>\n",
       "    <tr>\n",
       "      <th>213</th>\n",
       "      <td>14.23</td>\n",
       "      <td>0.00</td>\n",
       "      <td>2.08</td>\n",
       "      <td>1.67</td>\n",
       "    </tr>\n",
       "  </tbody>\n",
       "</table>\n",
       "<p>214 rows × 4 columns</p>\n",
       "</div>"
      ],
      "text/plain": [
       "        Na    Mg    Al    Ba\n",
       "0    13.64  4.49  1.10  0.00\n",
       "1    13.89  3.60  1.36  0.00\n",
       "2    13.53  3.55  1.54  0.00\n",
       "3    13.21  3.69  1.29  0.00\n",
       "4    13.27  3.62  1.24  0.00\n",
       "..     ...   ...   ...   ...\n",
       "209  14.14  0.00  2.88  1.06\n",
       "210  14.92  0.00  1.99  1.59\n",
       "211  14.36  0.00  2.02  1.64\n",
       "212  14.38  0.00  1.94  1.57\n",
       "213  14.23  0.00  2.08  1.67\n",
       "\n",
       "[214 rows x 4 columns]"
      ]
     },
     "execution_count": 9,
     "metadata": {},
     "output_type": "execute_result"
    }
   ],
   "source": [
    "# split the data into x and y\n",
    "\n",
    "x = df.drop(['RI','Si','K','Ca','Fe','Type'],axis=1)\n",
    "y = df['Type']\n",
    "x"
   ]
  },
  {
   "cell_type": "markdown",
   "id": "c128666b-9dad-4f70-899a-4f56109cf037",
   "metadata": {},
   "source": [
    "### split the data into train and test sets"
   ]
  },
  {
   "cell_type": "code",
   "execution_count": 10,
   "id": "012ff02f-15b4-415d-bddc-184587afc8c2",
   "metadata": {},
   "outputs": [],
   "source": [
    "from sklearn.model_selection import train_test_split\n",
    "\n",
    "x_train, x_test, y_train, y_test = train_test_split(x, y, train_size=0.7, random_state=123456)"
   ]
  },
  {
   "cell_type": "markdown",
   "id": "02d53935-31db-4bc7-9a3d-9146c33434ad",
   "metadata": {},
   "source": [
    "### train the models"
   ]
  },
  {
   "cell_type": "markdown",
   "id": "46574dfa-9a10-43b6-9f6d-ff59bed4f3f3",
   "metadata": {},
   "source": [
    "#### Naive Bayes"
   ]
  },
  {
   "cell_type": "code",
   "execution_count": 11,
   "id": "ff6022bb-baa1-4986-8786-4dcb07ad00d7",
   "metadata": {},
   "outputs": [],
   "source": [
    "from sklearn.naive_bayes import GaussianNB\n",
    "\n",
    "def create_naive_bayes_model():\n",
    "\n",
    "    # create the model\n",
    "    model = GaussianNB()\n",
    "\n",
    "    # train the model\n",
    "    model.fit(x_train, y_train)\n",
    "\n",
    "    return model"
   ]
  },
  {
   "cell_type": "markdown",
   "id": "92096737-b085-4dda-b4f5-acdd154c94d1",
   "metadata": {},
   "source": [
    "#### KNN"
   ]
  },
  {
   "cell_type": "code",
   "execution_count": 12,
   "id": "c029fcd3-acba-413a-ad9f-f44bf457a3d9",
   "metadata": {},
   "outputs": [],
   "source": [
    "from sklearn.neighbors import KNeighborsClassifier\n",
    "\n",
    "def create_knn_model():\n",
    "\n",
    "    # create the model\n",
    "    model = KNeighborsClassifier(n_neighbors=5)\n",
    "\n",
    "    # train the model\n",
    "    model.fit(x_train, y_train)\n",
    "\n",
    "    return model"
   ]
  },
  {
   "cell_type": "markdown",
   "id": "b753f62b-b93f-49be-940c-4fddac589523",
   "metadata": {},
   "source": [
    "#### SVM"
   ]
  },
  {
   "cell_type": "code",
   "execution_count": 13,
   "id": "ac55d3dc-f7bb-40ef-b823-b36f7a116ca4",
   "metadata": {},
   "outputs": [],
   "source": [
    "from sklearn.svm import SVC\n",
    "\n",
    "def create_svm_model():\n",
    "    # create a model\n",
    "    model = SVC()\n",
    "    \n",
    "    # train the model\n",
    "    model.fit(x_train, y_train)\n",
    "\n",
    "    return model"
   ]
  },
  {
   "cell_type": "markdown",
   "id": "7cdfbb0a-eb9c-4ee9-85d5-8220c49b4e27",
   "metadata": {},
   "source": [
    "### model evaluation"
   ]
  },
  {
   "cell_type": "code",
   "execution_count": 20,
   "id": "8c0f59b6-3ad3-4b61-b6a2-0ddc92bd2f0c",
   "metadata": {},
   "outputs": [],
   "source": [
    "from sklearn.metrics import confusion_matrix, accuracy_score, precision_score, recall_score, f1_score\n",
    "\n",
    "def evaluate_model(model_name, model):\n",
    "    \n",
    "    # get the predictions using model\n",
    "    y_pred = model.predict(x_test)\n",
    "    y_true = y_test\n",
    "\n",
    "    print(confusion_matrix(y_true, y_pred))\n",
    "    \n",
    "    # get the accuracy\n",
    "    accuracy = accuracy_score(y_true, y_pred)\n",
    "\n",
    "    # get the precision\n",
    "    precision = precision_score(y_true, y_pred,average='micro')\n",
    "\n",
    "    # get the recall\n",
    "    recall = recall_score(y_true, y_pred,average='micro')\n",
    "\n",
    "    # get f1 score\n",
    "    f1 = f1_score(y_true, y_pred,average='micro')\n",
    "\n",
    "    return model_name, accuracy, precision, recall, f1"
   ]
  },
  {
   "cell_type": "code",
   "execution_count": 21,
   "id": "fae43f85-61ee-40e8-9515-ebae03cfdbaf",
   "metadata": {},
   "outputs": [],
   "source": [
    "# create Naive Bayes model\n",
    "model_nb = create_naive_bayes_model()\n",
    "\n",
    "# create KNN model\n",
    "model_knn = create_knn_model()\n",
    "\n",
    "# create SVM model\n",
    "model_svm = create_svm_model()"
   ]
  },
  {
   "cell_type": "code",
   "execution_count": 22,
   "id": "e60ef1f4-29e8-40aa-9bb5-7744a178b836",
   "metadata": {},
   "outputs": [
    {
     "name": "stdout",
     "output_type": "stream",
     "text": [
      "[[11  1  0  0  6  0]\n",
      " [ 4  0  0  2 17  0]\n",
      " [ 3  0  0  0  3  0]\n",
      " [ 0  0  0  1  4  0]\n",
      " [ 0  0  0  0  2  0]\n",
      " [ 0  0  0  0  2  9]]\n",
      "[[15  3  0  0  0  0]\n",
      " [ 4 17  0  0  2  0]\n",
      " [ 4  2  0  0  0  0]\n",
      " [ 0  3  0  2  0  0]\n",
      " [ 0  0  0  0  2  0]\n",
      " [ 1  2  0  0  1  7]]\n",
      "[[18  0  0  0  0  0]\n",
      " [18  5  0  0  0  0]\n",
      " [ 6  0  0  0  0  0]\n",
      " [ 0  3  0  0  0  2]\n",
      " [ 0  1  0  0  0  1]\n",
      " [ 2  2  0  0  0  7]]\n"
     ]
    }
   ],
   "source": [
    "# evaluate all the models\n",
    "model_evaluation_params = pd.DataFrame([\n",
    "    evaluate_model(\"Naive Bayes\", model_nb),\n",
    "    evaluate_model('KNN', model_knn), \n",
    "    evaluate_model('SVM', model_svm)\n",
    "], columns=[\"Model Name\", \"Accuracy\", \"Precision\", \"Recall\", \"F1 Score\"])"
   ]
  },
  {
   "cell_type": "code",
   "execution_count": 23,
   "id": "fc38cceb-4c1f-47f5-814b-3312231ca950",
   "metadata": {},
   "outputs": [
    {
     "data": {
      "text/html": [
       "<div>\n",
       "<style scoped>\n",
       "    .dataframe tbody tr th:only-of-type {\n",
       "        vertical-align: middle;\n",
       "    }\n",
       "\n",
       "    .dataframe tbody tr th {\n",
       "        vertical-align: top;\n",
       "    }\n",
       "\n",
       "    .dataframe thead th {\n",
       "        text-align: right;\n",
       "    }\n",
       "</style>\n",
       "<table border=\"1\" class=\"dataframe\">\n",
       "  <thead>\n",
       "    <tr style=\"text-align: right;\">\n",
       "      <th></th>\n",
       "      <th>Model Name</th>\n",
       "      <th>Accuracy</th>\n",
       "      <th>Precision</th>\n",
       "      <th>Recall</th>\n",
       "      <th>F1 Score</th>\n",
       "    </tr>\n",
       "  </thead>\n",
       "  <tbody>\n",
       "    <tr>\n",
       "      <th>0</th>\n",
       "      <td>Naive Bayes</td>\n",
       "      <td>0.353846</td>\n",
       "      <td>0.353846</td>\n",
       "      <td>0.353846</td>\n",
       "      <td>0.353846</td>\n",
       "    </tr>\n",
       "    <tr>\n",
       "      <th>1</th>\n",
       "      <td>KNN</td>\n",
       "      <td>0.661538</td>\n",
       "      <td>0.661538</td>\n",
       "      <td>0.661538</td>\n",
       "      <td>0.661538</td>\n",
       "    </tr>\n",
       "    <tr>\n",
       "      <th>2</th>\n",
       "      <td>SVM</td>\n",
       "      <td>0.461538</td>\n",
       "      <td>0.461538</td>\n",
       "      <td>0.461538</td>\n",
       "      <td>0.461538</td>\n",
       "    </tr>\n",
       "  </tbody>\n",
       "</table>\n",
       "</div>"
      ],
      "text/plain": [
       "    Model Name  Accuracy  Precision    Recall  F1 Score\n",
       "0  Naive Bayes  0.353846   0.353846  0.353846  0.353846\n",
       "1          KNN  0.661538   0.661538  0.661538  0.661538\n",
       "2          SVM  0.461538   0.461538  0.461538  0.461538"
      ]
     },
     "execution_count": 23,
     "metadata": {},
     "output_type": "execute_result"
    }
   ],
   "source": [
    "# performance chart\n",
    "model_evaluation_params"
   ]
  },
  {
   "cell_type": "code",
   "execution_count": null,
   "id": "8418d068-787e-4a59-a679-4e01d8850627",
   "metadata": {},
   "outputs": [],
   "source": []
  }
 ],
 "metadata": {
  "kernelspec": {
   "display_name": "Python 3 (ipykernel)",
   "language": "python",
   "name": "python3"
  },
  "language_info": {
   "codemirror_mode": {
    "name": "ipython",
    "version": 3
   },
   "file_extension": ".py",
   "mimetype": "text/x-python",
   "name": "python",
   "nbconvert_exporter": "python",
   "pygments_lexer": "ipython3",
   "version": "3.12.5"
  }
 },
 "nbformat": 4,
 "nbformat_minor": 5
}
